0,486,154
0,486,152
0,484,150
0,484,149
0,485,148
1,483,147
1,482,193
1,484,235
1,484,258
1,483,288
1,483,322
1,484,360
1,483,392
1,484,394
1,484,384
1,483,373
1,483,362
1,483,348
1,483,333
1,485,319
1,483,306
1,483,297
1,482,287
1,484,277
1,485,271
1,483,265
1,483,259
1,484,253
1,485,247
1,483,243
1,485,239
1,482,237
1,485,231
1,483,229
1,485,227
1,484,225
1,482,221
1,484,219
1,482,216
1,482,215
1,483,214
1,483,211
1,485,208
1,483,208
1,485,206
1,482,205
1,483,203
1,485,201
1,484,201
1,485,198
1,484,198
1,482,197
1,485,194
1,485,194
1,483,192
1,483,192
1,485,190
1,484,190
1,484,190
1,485,188
1,482,187
1,484,185
1,482,185
1,483,185
1,484,183
1,484,182
1,485,181
1,484,180
1,485,181
1,484,180
1,484,179
1,483,178
1,485,177
1,484,176
1,482,176
1,483,175
1,482,175
1,483,174
1,484,175
1,482,173
1,485,172
1,483,172
1,484,172
1,482,171
1,484,170
1,485,169
1,484,170
1,484,169
1,483,169
1,483,167
1,484,168
1,484,166
1,485,166
1,483,165
1,484,165
1,484,166
1,482,165
1,483,164
1,482,164
1,482,164
1,484,162
1,485,161
1,483,162
1,484,161
1,483,161
1,483,161
1,483,161
1,485,159
1,483,159
1,484,159
1,485,158
1,484,158
1,485,157
1,485,158
1,483,157
1,483,158
1,484,156
1,482,157
1,485,155
1,485,155
1,483,155
1,484,156
1,483,154
1,485,154
1,485,153
1,483,154
1,483,153
1,485,153
1,485,152
1,483,152
1,484,151
1,484,151
1,484,151
1,484,150
1,483,151
1,483,151
1,482,150
1,485,149
1,483,150
1,484,149
1,484,148
1,483,149
1,483,148
1,484,148
1,485,147
1,485,147
1,482,148
1,485,146
1,482,147
1,484,147
1,484,146
1,483,146
1,483,145
1,485,146
1,485,144
1,485,144
1,484,144
1,485,144
1,484,144
1,484,143
1,483,144
1,484,143
1,485,142
1,485,143
1,483,142
1,483,142
1,484,142
1,483,142
1,483,142
1,484,141
1,485,141
1,485,140
1,483,141
1,485,140
1,485,140
1,484,139
1,485,139
1,485,140
1,485,139
1,485,138
1,483,139
1,483,138
1,484,138
1,484,137
1,483,138
1,483,138
1,483,138
1,483,137
1,485,136
1,485,136
1,484,136
1,483,136
1,484,136
1,485,136
1,483,135
1,483,134
1,483,135
1,485,135
1,485,133
1,483,134
1,484,133
1,484,134
1,485,133
1,483,133
1,483,132
1,485,132
1,484,132
1,483,132
1,483,132
1,483,131
1,483,131
1,485,131
1,485,131
1,485,130
1,485,130
1,485,130
1,484,130
1,484,130
1,485,129
1,484,129
1,483,130
1,483,129
1,484,129
1,484,128
1,484,129
1,483,128
1,485,127
1,483,128
1,485,127
1,485,127
1,483,127
1,483,126
1,484,127
1,485,126
1,484,126
1,485,125
1,483,126
1,485,126
1,483,126
1,483,125
1,484,125
1,483,125
1,485,124
1,484,125
1,485,124
1,485,124
1,484,123
1,486,123
1,483,123
1,485,123
1,485,123
1,484,122
1,485,122
1,485,122
1,485,122
1,485,122
1,485,121
1,485,121
1,484,122
1,486,121
1,484,120
1,483,121
1,485,120
1,484,120
1,484,120
1,484,120
1,486,119
1,483,119
1,483,119
1,483,120
1,483,119
1,485,118
1,485,118
1,485,118
1,485,118
1,484,118
1,485,117
1,484,117
1,485,117
1,485,117
1,484,117
1,484,117
1,483,117
1,485,116
1,485,115
1,485,116
1,485,115
1,484,116
1,485,115
1,485,115
1,484,114
1,485,114
1,483,115
1,483,114
1,483,114
1,485,113
1,485,113
1,485,113
1,486,113
1,484,113
1,484,113
1,485,112
1,485,112
1,485,112
1,484,111
1,483,111
1,486,111
1,485,112
1,486,111
1,485,111
1,483,111
1,483,111
1,484,111
1,484,111
1,483,111
1,484,110
1,483,109
1,483,110
1,485,109
1,484,110
1,484,108
1,483,109
1,483,109
1,483,108
1,484,108
1,483,108
1,483,108
1,483,108
1,483,107
1,485,107
1,484,107
1,485,107
1,483,107
1,485,106
1,484,106
1,484,105
1,485,105
1,486,106
1,486,106
1,485,105
1,484,105
1,483,105
1,484,106
1,484,105
1,485,105
1,485,104
1,484,105
1,486,103
1,485,103
1,483,104
1,484,104
1,486,103
1,484,102
1,483,103
1,483,103
1,485,102
1,484,103
1,486,102
1,484,101
1,484,102
1,484,102
1,485,101
1,484,101
1,484,101
1,485,101
1,484,101
1,485,100
1,485,100
1,485,99
1,484,100
1,484,99
1,486,99
1,483,99
1,483,99
1,485,99
1,485,98
1,484,98
1,484,98
1,485,98
1,485,97
1,484,98
1,484,97
1,483,98
1,486,97
1,483,97
1,483,97
1,485,97
1,484,97
1,483,97
1,484,96
1,484,96
1,484,96
1,483,96
1,484,96
1,485,95
1,484,95
1,485,95
1,485,95
1,484,95
1,484,94
1,483,95
1,485,94
1,483,94
1,483,94
1,484,94
1,485,94
1,485,93
1,484,94
1,483,93
1,485,93
1,483,93
1,483,93
1,484,92
1,484,92
1,483,92
1,484,92
1,484,91
1,484,92
1,484,91
1,485,90
1,484,91
1,484,91
1,485,90
1,485,90
1,485,90
1,484,90
1,485,89
1,485,89
1,483,89
1,485,89
1,485,89
1,484,89
1,485,88
1,483,89
1,483,89
1,485,88
1,485,88
1,484,88
1,485,87
1,483,88
1,484,88
1,484,87
1,485,87
1,485,86
1,485,86
1,484,87
1,484,87
1,483,87
1,485,86
1,485,86
1,484,86
1,485,85
1,483,86
1,483,86
1,483,86
1,483,85
1,483,85
1,486,84
1,483,85
1,483,85
1,484,84
1,484,84
1,484,84
1,484,84
1,485,84
1,484,84
1,485,83
1,483,84
1,485,82
1,483,83
1,484,83
1,485,82
1,483,82
1,483,82
1,483,82
1,483,82
1,483,82
1,483,82
1,485,81
1,485,81
1,484,81
1,483,81
1,483,81
1,486,81
1,485,80
1,485,80
1,485,80
1,484,80
1,486,80
1,484,80
1,483,80
1,484,80
1,483,80
1,483,80
1,484,79
1,484,79
1,484,79
1,484,79
1,483,79
1,484,78
1,484,79
1,485,78
1,483,78
1,483,78
1,483,78
2,484,77
2,483,77
2,484,77
2,483,78
2,483,77
2,484,77
2,485,76
2,484,77
2,486,76
2,484,76
2,485,75
2,485,76
2,484,75
2,485,75
2,483,76
2,485,75
2,483,75
2,485,74
2,483,75
2,484,74
2,485,74
2,483,75
2,485,74
2,486,74
2,484,74
2,485,74
2,485,74
2,483,74
2,483,74
2,483,74
2,486,73
2,485,73
2,485,73
2,483,73
2,483,73
2,484,73
2,483,73
2,485,72
2,483,73
2,486,72
2,483,72
2,484,72
2,484,71
2,485,71
2,486,71
2,483,72
2,485,71
2,484,71
2,484,71
2,483,71
2,484,71
2,483,71
2,484,71
2,485,70
2,483,71
2,485,70
2,484,70
2,483,70
2,485,69
2,485,69
3,484,69
3,486,72
3,485,88
3,485,94
3,483,105
3,487,107
3,485,114
3,484,114
3,484,121
3,487,118
3,484,122
3,486,120
3,484,126
3,486,122
3,485,122
3,484,124
3,485,124
3,484,126
3,485,126
3,485,126
3,485,128
3,483,132
3,484,130
3,483,134
3,486,131
3,485,135
3,486,132
3,485,137
3,486,134
3,486,135
3,486,135
3,485,136
3,487,137
3,487,138
3,484,138
3,487,139
3,483,142
3,487,140
3,482,144
3,485,141
3,483,144
3,485,142
3,484,145
3,486,143
3,487,144
3,487,144
3,483,144
3,485,145
3,484,146
3,484,146
3,485,146
3,483,150
3,485,146
3,482,151
3,486,147
3,484,151
3,486,148
3,484,152
3,486,149
3,486,153
3,486,149
3,484,150
3,484,150
3,485,149
3,486,150
3,486,150
3,483,150
3,486,150
3,483,155
3,487,151
3,483,155
3,486,151
3,485,155
3,486,152
3,485,155
3,487,152
3,486,152
3,485,153
3,486,152
3,486,153
3,487,153
3,484,153
3,484,153
3,484,157
3,484,154
3,484,156
3,487,154
3,485,156
3,487,154
3,486,157
4,484,154
2,485,153
2,485,175
2,483,186
2,484,178
2,483,160
2,483,141
2,485,122
2,483,108
2,483,96
2,485,87
2,484,81
2,485,75
2,485,72
2,485,69
2,483,67
2,485,64
2,485,64
2,484,62
2,484,61
2,485,60
2,484,60
2,485,58
2,483,59
2,484,58
2,485,57
2,484,57
2,483,57
2,484,56
2,484,56
2,484,56
2,484,56
2,483,56
2,485,56
2,485,55
2,485,55
2,484,56
2,484,55
2,483,56
2,483,56
2,484,55
2,485,55
2,483,55
2,484,55
2,483,55
2,483,55
2,483,55
2,485,54
2,483,55
2,486,54
2,485,54
2,484,55
2,486,54
2,483,55
2,486,54
2,483,54
2,484,55
2,485,54
2,484,54
2,486,54
2,484,54
3,485,54
3,487,54
3,485,68
3,484,71
3,483,81
3,484,80
3,484,88
3,487,85
3,485,91
3,484,88
3,483,93
3,487,89
3,485,94
3,484,90
3,483,96
3,485,92
3,484,96
3,485,93
3,484,97
3,485,94
3,484,99
3,486,95
3,485,99
3,487,96
3,483,96
3,487,98
3,485,98
3,484,99
3,482,99
3,487,100
3,483,100
3,485,102
3,483,107
3,485,103
3,484,108
3,486,104
3,484,108
3,487,105
3,485,110
3,485,106
3,486,107
3,486,107
3,487,108
3,486,108
3,486,109
3,483,109
3,484,110
3,483,114
3,485,110
3,483,116
3,484,112
3,485,116
3,484,113
3,483,117
3,485,114
3,486,113
3,486,114
3,486,114
3,487,115
3,485,115
3,485,115
3,486,116
3,484,119
3,486,116
3,484,121
3,484,117
3,485,121
3,486,117
3,484,122
3,484,119
3,484,123
3,486,119
3,485,119
3,487,119
3,486,119
3,484,120
3,486,120
3,484,119
3,484,121
3,485,124
3,484,121
3,482,125
3,484,121
3,484,125
3,485,121
3,484,127
3,486,122
3,486,122
3,484,123
3,487,123
4,485,123
2,486,123
2,485,143
2,483,154
2,485,150
2,485,135
2,485,117
2,486,102
2,485,90
2,484,80
2,485,73
2,483,68
2,485,64
2,484,60
2,485,57
2,484,56
2,485,54
2,483,53
2,484,52
2,485,50
2,485,50
2,486,49
2,484,49
2,484,49
2,485,48
2,484,48
2,484,48
2,483,48
2,485,48
2,483,48
2,484,48
2,484,48
2,483,47
2,483,47
2,485,47
2,483,47
2,484,47
2,484,47
2,483,47
2,484,47
2,485,47
2,485,47
2,484,47
2,483,47
2,485,47
2,485,46
2,485,47
2,485,47
2,485,47
2,485,47
2,486,46
2,485,46
2,485,47
2,484,47
2,483,46
2,485,46
2,484,47
2,485,46
2,484,46
2,484,47
2,484,46
3,486,46
3,486,46
3,485,59
3,487,60
3,486,69
3,487,68
3,486,75
3,487,72
3,482,78
3,485,74
3,483,80
3,485,75
3,485,80
3,485,76
3,484,81
3,485,77
3,483,82
3,485,78
3,483,83
3,485,79
3,485,83
3,484,80
3,485,85
3,484,81
3,483,87
3,486,82
3,483,88
3,488,83
3,485,88
3,486,85
3,483,90
3,486,85
3,483,91
3,486,87
3,484,92
3,487,88
3,484,87
3,485,89
3,484,89
3,486,90
3,483,90
3,485,92
3,483,92
3,485,93
3,484,93
3,486,93
3,485,94
3,486,94
3,485,94
3,486,95
3,485,96
3,487,96
3,486,96
3,484,97
3,485,97
3,484,97
3,487,98
3,486,98
3,488,99
3,486,99
3,487,99
3,486,99
3,485,100
3,486,100
3,485,101
3,486,101
3,486,101
3,485,101
3,485,101
3,485,103
3,485,106
3,485,103
3,483,107
3,484,103
3,484,107
3,485,104
3,486,109
3,485,104
3,487,104
3,484,105
3,484,105
3,484,105
3,486,105
3,483,105
3,487,106
3,484,110
3,486,106
3,483,111
3,488,107
3,483,111
4,486,107
2,484,111
2,484,128
2,483,138
2,484,134
2,485,121
2,485,105
2,484,92
2,484,80
2,484,72
2,484,65
2,486,60
2,485,56
2,483,54
2,485,51
2,483,50
2,483,49
2,483,47
2,485,46
2,485,46
2,485,45
2,483,44
2,485,44
2,483,44
2,483,44
2,485,43
2,485,43
2,484,43
2,483,43
2,484,42
2,485,43
2,484,43
2,484,43
2,483,43
2,485,42
2,485,42
2,483,42
2,484,43
2,485,42
2,485,43
2,485,42
2,484,43
2,485,42
2,483,42
2,483,43
2,483,43
2,484,43
2,485,42
2,485,42
2,483,43
2,484,43
2,483,42
2,484,42
2,483,42
2,485,42
2,485,42
2,484,42
2,483,43
2,483,42
2,484,42
2,485,42
3,486,42
3,486,41
3,485,47
3,486,53
3,484,57
3,487,61
3,483,62
3,485,64
3,483,65
3,486,66
3,487,66
3,487,67
3,487,67
3,487,68
3,484,68
3,486,68
3,484,69
3,485,70
3,486,70
3,484,70
3,484,71
3,487,71
3,486,72
3,484,73
3,486,73
3,485,74
3,486,74
3,488,75
3,487,75
3,484,76
3,485,77
3,485,82
3,487,77
3,486,84
3,485,79
3,486,85
3,486,79
3,485,85
3,487,81
3,485,85
3,486,82
3,484,87
3,487,83
3,483,88
3,485,84
3,484,88
3,485,85
3,483,90
3,484,85
3,483,90
3,486,86
3,484,92
3,485,87
3,483,93
3,486,88
3,484,93
3,484,89
3,485,93
3,487,89
3,485,94
3,484,90
3,484,95
3,486,91
3,485,95
3,486,91
3,485,95
3,484,92
3,484,92
3,486,93
3,483,92
3,486,93
3,483,93
3,484,94
3,485,94
3,485,95
3,485,95
3,484,95
3,487,95
3,486,95
3,485,96
3,484,96
3,484,96
3,484,97
3,485,96
3,486,97
3,486,97
3,485,97
3,484,98
3,485,98
3,487,98
4,485,98
2,484,99
2,483,118
2,483,129
2,484,125
2,484,113
2,486,98
2,484,86
2,485,75
2,483,67
2,484,61
2,485,55
2,483,53
2,483,50
2,485,48
2,484,46
2,486,45
2,485,43
2,484,43
2,483,42
2,485,42
2,484,41
2,484,41
2,484,40
2,483,41
2,485,40
2,483,40
2,483,40
2,486,39
2,483,40
2,485,39
2,485,39
2,485,39
2,484,39
2,484,39
2,483,39
2,484,39
2,484,40
2,483,39
2,485,39
2,485,39
2,485,39
2,484,39
2,484,40
2,483,40
2,483,39
2,485,39
2,485,39
2,485,39
2,484,39
2,484,40
2,485,40
2,486,39
2,485,39
2,483,40
2,485,40
2,485,40
2,485,40
2,484,40
2,483,40
2,483,40
3,485,40
3,483,43
3,485,45
3,485,49
3,486,54
3,485,56
3,486,58
3,484,60
3,485,61
3,484,61
3,487,62
3,485,62
3,487,62
3,487,63
3,484,63
3,485,64
3,484,64
3,485,65
3,485,65
3,487,65
3,485,66
3,486,66
3,485,67
3,487,67
3,487,68
3,485,68
3,485,69
3,487,69
3,484,70
3,485,71
3,486,70
3,484,72
3,485,77
3,484,73
3,484,79
3,488,74
3,486,79
3,487,75
3,485,79
3,486,75
3,485,80
3,484,77
3,484,81
3,485,78
3,484,82
3,484,79
3,485,83
3,485,80
3,484,84
3,485,80
3,483,86
3,486,81
3,483,86
3,487,82
3,483,87
3,484,83
3,485,87
3,484,83
3,485,88
3,485,84
3,485,89
3,485,85
3,483,89
3,486,85
3,483,91
3,486,86
3,485,90
3,484,87
3,483,86
3,485,87
3,482,87
3,486,88
3,484,88
3,485,89
3,485,88
3,486,89
3,485,89
3,486,89
3,485,90
3,487,90
3,484,91
3,487,90
3,486,91
3,484,91
3,485,91
3,484,92
3,487,92
3,486,92
3,484,92
3,486,92
4,485,93
2,486,92
2,486,111
2,483,122
2,483,120
2,485,108
2,483,95
2,483,82
2,483,72
2,485,63
2,484,57
2,484,53
2,485,50
2,485,47
2,485,45
2,485,43
2,485,42
2,485,42
2,485,40
2,484,40
2,484,39
2,484,40
2,483,39
2,483,39
2,483,38
2,484,38
2,485,38
2,485,38
2,486,38
2,484,38
2,484,37
2,483,38
2,484,38
2,485,37
2,484,37
2,484,37
2,484,38
2,484,37
2,483,38
2,484,37
2,484,38
2,483,38
2,485,37
2,484,38
2,485,37
2,484,38
2,485,37
2,483,38
2,485,38
2,484,37
2,484,38
2,484,38
2,483,38
2,483,38
2,483,38
2,485,38
2,484,38
2,485,38
2,483,38
2,485,38
2,483,38
3,483,38
3,485,36
3,484,47
3,484,47
3,482,50
3,484,53
3,483,54
3,485,56
3,485,56
3,485,57
3,484,58
3,486,58
3,485,58
3,483,59
3,484,59
3,485,59
3,486,60
3,484,60
3,484,61
3,485,62
3,486,61
3,485,62
3,486,63
3,485,63
3,487,64
3,484,64
3,484,65
3,486,65
3,483,66
3,486,66
3,485,66
3,487,67
3,484,68
3,484,74
3,486,69
3,485,75
3,485,70
3,485,75
3,486,71
3,487,76
3,484,72
3,483,77
3,486,73
3,485,78
3,483,74
3,483,79
3,484,74
3,482,80
3,483,75
3,482,81
3,484,76
3,483,81
3,486,77
3,485,82
3,485,77
3,485,83
3,487,79
3,483,83
3,485,79
3,483,84
3,485,80
3,484,84
3,484,81
3,482,86
3,485,82
3,483,86
3,484,82
3,484,87
3,487,82
3,484,86
3,486,83
3,483,82
3,484,84
3,483,83
3,483,84
3,483,85
3,484,85
3,484,85
3,485,85
3,484,86
3,487,86
3,484,86
3,486,86
3,487,87
3,484,87
3,486,87
3,485,87
3,487,88
3,487,88
3,487,88
4,484,88
2,484,89
2,483,107
2,483,118
2,484,115
2,485,104
2,486,91
2,485,79
2,484,68
2,483,61
2,483,55
2,485,51
2,485,48
2,484,45
2,483,43
2,484,42
2,485,40
2,483,40
2,484,39
2,485,38
2,485,38
2,483,38
2,484,37
2,485,37
2,483,37
2,484,36
2,484,36
2,485,37
2,484,36
2,485,36
2,484,36
2,483,36
2,485,36
2,483,36
2,485,36
2,484,36
2,485,36
2,483,36
2,484,36
2,483,36
2,483,36
2,483,36
2,483,36
2,484,36
2,485,36
2,484,36
2,483,36
2,485,36
2,483,36
2,484,36
2,486,36
2,484,36
2,485,36
2,484,37
2,485,36
2,484,36
2,484,36
2,483,37
2,485,36
2,483,36
2,485,36
3,483,37
3,483,40
3,486,40
3,483,50
3,484,48
3,483,56
3,485,53
3,483,53
3,485,55
3,485,54
3,486,55
3,482,56
3,487,56
3,484,56
3,486,56
3,485,57
3,484,57
3,485,58
3,487,58
3,487,58
3,485,59
3,487,59
3,486,60
3,487,60
3,484,61
3,486,61
3,486,62
3,485,63
3,487,63
3,487,63
3,485,64
3,486,64
3,486,65
3,484,66
3,484,66
3,484,66
3,484,73
3,484,68
3,483,73
3,485,68
3,485,74
3,486,69
3,484,74
3,486,70
3,484,76
3,484,71
3,484,76
3,487,72
3,485,77
3,486,73
3,482,79
3,485,74
3,483,79
3,486,74
3,483,80
3,484,75
3,483,81
3,486,76
3,482,81
3,484,77
3,483,82
3,484,77
3,484,82
3,484,78
3,485,83
3,486,78
3,484,84
3,484,79
3,484,84
3,486,79
3,483,84
3,487,80
3,482,80
3,484,81
3,485,81
3,485,82
3,483,81
3,485,82
3,485,82
3,486,82
3,486,83
3,485,83
3,486,83
3,487,83
3,486,84
3,485,84
3,486,84
3,485,85
3,485,84
3,486,84
4,486,85
2,485,85
2,485,103
2,484,114
2,484,112
2,484,101
2,483,89
2,484,76
2,483,66
2,484,58
2,484,54
2,485,49
2,484,46
2,483,43
2,485,41
2,484,40
2,483,39
2,484,39
2,483,38
2,485,37
2,484,36
2,484,36
2,483,36
2,483,36
2,485,35
2,483,36
2,483,35
2,483,35
2,483,35
2,483,35
2,485,35
2,485,35
2,483,35
2,484,34
2,485,34
2,484,34
2,484,34
2,484,34
2,483,35
2,484,34
2,484,34
2,486,35
2,485,35
2,483,35
2,485,35
2,483,35
2,485,35
2,485,35
2,485,35
2,484,35
2,483,36
2,483,35
2,485,35
2,485,35
2,483,35
2,483,35
2,484,35
2,485,35
2,483,35
2,483,36
2,484,35
3,485,35
3,484,33
3,483,44
3,484,43
3,482,52
3,487,49
3,483,56
3,484,52
3,484,51
3,484,53
3,482,53
3,486,54
3,483,54
3,485,54
3,484,55
3,484,55
3,483,55
3,486,56
3,484,56
3,484,56
3,486,57
3,484,57
3,486,58
3,485,58
3,484,59
3,486,59
3,486,59
3,486,60
3,484,61
3,485,62
3,484,62
3,486,62
3,485,63
3,484,63
3,485,64
3,487,64
3,486,64
3,485,71
3,486,65
3,486,71
3,485,67
3,486,72
3,484,68
3,486,73
3,487,68
3,484,74
3,486,69
3,483,75
3,485,71
3,483,76
3,486,71
3,483,77
3,485,71
3,484,77
3,483,72
3,484,77
3,486,73
3,482,79
3,484,74
3,482,79
3,485,74
3,485,79
3,484,75
3,482,81
3,484,76
3,483,81
3,486,76
3,482,82
3,486,77
3,484,82
3,486,78
3,483,82
3,487,78
3,482,78
3,485,79
3,484,78
3,484,79
3,482,80
3,485,80
3,485,80
3,485,80
3,486,81
3,486,81
3,486,81
3,484,81
3,486,81
3,485,82
3,485,82
3,484,82
3,484,83
4,484,83
2,484,83
2,483,102
2,484,111
2,484,110
2,483,99
2,483,86
2,486,73
2,483,65
2,484,57
2,483,53
2,485,48
2,486,44
2,485,42
2,483,41
2,485,39
2,483,38
2,483,37
2,486,37
2,485,36
2,483,35
2,485,35
2,483,35
2,484,35
2,483,35
2,485,34
2,485,34
2,484,34
2,485,34
2,485,34
2,483,34
2,485,34
2,484,34
2,483,34
2,483,34
2,484,34
2,485,34
2,483,34
2,485,34
2,485,34
2,484,34
2,484,34
2,483,34
2,485,34
2,483,34
2,485,34
2,485,34
2,484,34
2,485,34
2,485,34
2,483,34
2,483,35
2,484,34
2,484,34
2,484,34
2,483,34
2,483,35
2,485,34
2,483,34
2,484,35
2,485,34
3,485,34
3,485,38
3,485,37
3,484,47
3,485,45
3,485,47
3,484,49
3,485,50
3,486,51
3,484,52
3,487,52
3,483,52
3,485,52
3,484,53
3,486,53
3,484,53
3,485,54
3,486,54
3,486,54
3,484,55
3,485,55
3,485,56
3,484,56
3,487,56
3,487,57
3,487,57
3,485,58
3,485,59
3,486,59
3,484,59
3,484,60
3,486,60
3,487,61
3,486,61
3,484,68
3,484,63
3,485,68
3,486,63
3,485,69
3,486,64
3,486,70
3,486,65
3,485,70
3,484,66
3,483,71
3,484,67
3,484,73
3,485,68
3,483,73
3,486,68
3,483,74
3,486,69
3,483,75
3,486,70
3,484,75
3,484,71
3,483,76
3,486,71
3,483,77
3,487,72
3,484,77
3,485,73
3,484,78
3,486,73
3,483,79
3,485,74
3,484,79
3,487,75
3,482,80
3,487,75
3,484,80
3,484,76
3,485,75
3,484,77
3,483,76
3,485,77
3,483,77
3,486,77
3,486,78
3,484,78
3,486,78
3,486,78
3,487,79
3,486,79
3,485,80
3,484,79
3,487,80
3,484,80
3,485,80
3,484,81
4,485,80
2,486,80
2,485,99
2,483,109
2,483,108
2,483,97
2,483,84
2,484,73
2,483,63
2,485,55
2,484,51
2,484,47
2,485,44
2,485,42
2,485,39
2,484,38
2,485,37
2,484,37
2,485,36
2,485,35
2,485,35
2,484,35
2,484,34
2,483,34
2,484,34
2,483,34
2,483,33
2,483,34
2,485,33
2,483,34
2,484,33
2,485,33
2,483,33
2,483,33
2,485,33
2,485,33
2,483,33
2,485,33
2,485,33
2,483,34
2,484,33
2,483,34
2,484,33
2,485,33
2,485,33
2,484,34
2,484,33
2,485,33
2,485,33
2,483,34
2,483,34
2,484,34
2,485,33
2,484,33
2,483,34
2,483,34
2,484,33
2,484,33
2,484,34
2,485,33
2,484,33
3,485,33
3,487,31
3,483,36
3,484,41
3,486,44
3,487,47
3,485,48
3,486,49
3,486,50
3,485,50
3,486,50
3,486,51
3,484,51
3,485,52
3,485,52
3,485,52
3,486,52
3,486,53
3,486,53
3,485,54
3,484,54
3,487,54
3,486,55
3,486,55
3,486,55
3,484,56
3,486,57
3,485,63
3,487,58
3,486,63
3,485,59
3,485,65
3,485,60
3,485,65
3,488,61
3,484,66
3,485,62
3,483,67
3,486,62
3,484,68
3,486,63
3,484,69
3,487,64
3,485,69
3,487,65
3,485,70
3,487,66
3,483,71
3,484,67
3,483,73
3,486,67
3,483,73
3,487,68
3,485,73
3,487,69
3,483,75
3,485,70
3,483,76
3,485,71
3,484,75
3,488,71
3,482,76
3,484,72
3,483,71
3,486,72
3,484,72
3,484,73
3,484,73
3,486,73
3,483,74
3,486,75
3,484,75
3,486,75
3,484,75
3,484,76
3,487,76
3,487,76
3,487,76
3,484,77
3,484,77
3,485,77
3,485,77
3,487,77
3,487,78
3,486,78
3,486,78
3,486,78
3,488,79
3,484,79
3,484,79
4,484,79
2,484,80
2,483,98
2,484,108
2,485,106
2,484,96
2,484,83
2,485,71
2,483,62
2,484,55
2,484,50
2,485,46
2,485,43
2,486,41
2,485,39
2,484,38
2,485,37
2,483,36
2,485,35
2,485,35
2,485,34
2,485,34
2,484,34
2,485,33
2,484,34
2,483,33
2,485,33
2,483,32
2,485,33
2,484,32
2,485,33
2,485,32
2,485,33
2,485,33
2,483,32
2,485,33
2,484,32
2,485,33
2,485,33
2,484,33
2,484,33
2,483,33
2,484,33
2,483,33
2,485,33
2,483,33
2,483,33
2,484,33
2,486,33
2,484,33
2,485,33
2,484,33
2,484,33
2,485,33
2,485,33
2,486,33
2,484,34
2,484,33
2,485,33
2,483,33
2,483,33
3,485,33
3,484,31
3,485,36
3,486,40
3,485,44
3,486,45
3,485,48
3,485,49
3,486,49
3,486,50
3,487,50
3,486,50
3,485,50
3,486,50
3,488,51
3,487,51
3,487,51
3,484,52
3,484,58
3,487,52
3,485,59
3,487,53
3,487,59
3,485,54
3,484,59
3,485,55
3,485,61
3,485,56
3,484,62
3,487,57
3,485,62
3,488,58
3,485,63
3,487,59
3,483,65
3,485,60
3,484,66
3,486,61
3,485,66
3,487,62
3,483,67
3,486,62
3,485,68
3,487,63
3,483,69
3,485,65
3,485,70
3,487,65
3,484,70
3,486,66
3,484,71
3,487,67
3,485,71
3,485,68
3,485,67
3,486,68
3,485,68
3,487,69
3,483,69
3,485,70
3,484,70
3,486,70
3,487,70
3,485,71
3,487,71
3,486,71
3,484,72
3,487,72
3,485,73
3,484,73
3,486,73
3,484,73
3,487,73
3,484,74
3,486,74
3,487,74
3,486,74
3,487,75
3,488,75
3,484,75
3,485,76
3,488,76
3,484,76
3,484,81
3,486,76
3,486,83
3,487,77
3,484,82
3,485,78
3,486,82
4,486,78
2,484,83
2,484,97
2,485,106
2,484,105
2,484,94
2,484,82
2,485,70
2,483,61
2,484,54
2,483,49
2,485,45
2,483,42
2,484,40
2,485,38
2,484,37
2,484,36
2,485,35
2,485,34
2,483,35
2,485,34
2,485,33
2,484,33
2,485,33
2,484,33
2,485,32
2,485,32
2,483,32
2,483,32
2,484,33
2,485,32
2,483,32
2,484,32
2,484,32
2,485,32
2,485,32
2,485,32
2,485,32
2,483,32
2,483,32
2,484,32
2,485,32
2,485,32
2,483,32
2,485,32
2,484,32
2,483,33
2,483,32
2,485,32
2,483,32
2,484,32
2,486,32
2,485,32
2,486,32
2,485,32
2,484,33
2,484,33
2,485,32
2,484,33
2,484,33
2,484,33
3,484,33
3,486,30
3,485,35
3,487,40
3,484,43
3,485,45
3,484,46
3,484,47
3,484,48
3,486,48
3,487,49
3,486,55
3,484,49
3,485,55
3,485,50
3,486,55
3,484,50
3,486,56
3,486,51
3,483,57
3,486,52
3,483,58
3,486,53
3,484,58
3,486,53
3,483,59
3,485,55
3,483,60
3,484,55
3,483,61
3,484,56
3,482,62
3,485,57
3,484,62
3,484,58
3,484,64
3,484,59
3,483,65
3,486,60
3,483,66
3,486,61
3,485,67
3,484,62
3,483,68
3,487,63
3,484,67
3,485,64
3,485,63
3,485,64
3,483,64
3,484,65
3,484,65
3,485,66
3,483,66
3,486,66
3,485,67
3,487,67
3,487,67
3,486,68
3,484,68
3,484,68
3,486,69
3,486,69
3,486,69
3,485,70
3,486,70
3,486,70
3,484,71
3,485,71
3,485,72
3,486,71
3,487,72
3,484,72
3,485,73
3,484,73
3,487,73
3,485,79
3,485,74
3,486,79
3,484,74
3,487,79
3,486,74
3,484,80
3,486,75
3,485,79
3,487,75
3,484,80
3,484,76
3,485,80
3,486,76
4,484,81
2,485,77
2,484,94
2,485,104
2,485,103
2,484,93
2,484,81
2,486,69
2,484,60
2,485,53
2,484,48
2,484,45
2,485,42
2,485,39
2,483,38
2,483,37
2,485,36
2,485,35
2,485,34
2,484,33
2,485,33
2,484,33
2,484,33
2,484,33
2,483,32
2,485,32
2,484,32
2,483,32
2,485,32
2,483,32
2,484,32
2,485,32
2,486,31
2,485,31
2,484,32
2,486,31
2,485,31
2,484,32
2,486,32
2,484,32
2,486,31
2,483,32
2,486,31
2,484,32
2,484,31
2,483,32
2,484,32
2,485,32
2,485,32
2,485,32
2,483,31
2,484,32
2,484,32
2,484,32
2,485,32
2,484,32
2,484,32
2,483,32
2,484,32
2,484,32
2,484,32
3,486,32
3,487,29
3,484,41
3,485,39
3,484,48
3,485,44
3,486,51
3,487,46
3,486,53
3,485,47
3,485,52
3,486,48
3,484,53
3,486,48
3,484,54
3,485,49
3,485,54
3,486,50
3,484,55
3,484,50
3,485,55
3,485,51
3,483,57
3,487,52
3,484,57
3,485,53
3,484,59
3,485,54
3,483,59
3,485,55
3,483,60
3,487,55
3,485,61
3,487,56
3,485,62
3,484,57
3,484,63
3,484,58
3,483,64
3,484,59
3,485,59
3,485,60
3,484,60
3,485,61
3,483,61
3,486,62
3,486,62
3,487,62
3,484,63
3,484,63
3,486,63
3,486,64
3,486,64
3,484,65
3,484,65
3,485,65
3,487,66
3,484,66
3,487,66
3,488,67
3,488,67
3,487,67
3,484,68
3,487,68
3,487,68
3,486,69
3,485,69
3,487,69
3,486,69
3,484,75
3,487,70
3,485,75
3,486,71
3,488,75
3,487,71
3,483,77
3,484,72
3,484,77
3,485,72
3,484,77
3,484,73
3,484,78
3,486,73
3,484,78
3,485,74
3,482,79
3,486,74
3,485,79
3,484,75
3,484,80
4,487,75
2,485,80
2,483,94
2,483,103
2,483,102
2,484,91
2,485,79
2,485,68
2,484,59
2,485,52
2,485,48
2,485,44
2,485,41
2,485,39
2,484,37
2,484,36
2,485,35
2,485,34
2,484,33
2,483,33
2,485,32
2,484,32
2,486,32
2,485,32
2,483,32
2,483,32
2,483,32
2,485,31
2,485,31
2,484,31
2,484,31
2,484,31
2,486,31
2,484,31
2,483,31
2,484,31
2,484,31
2,484,31
2,484,31
2,485,31
2,484,32
2,485,31
2,485,31
2,483,31
2,484,31
2,485,31
2,485,32
2,484,31
2,484,31
2,484,31
2,485,31
2,484,32
2,484,32
2,484,32
2,486,31
2,483,31
2,483,32
2,484,32
2,485,31
2,484,31
2,485,31
3,485,31
3,484,34
3,487,34
3,483,44
3,487,41
3,483,49
3,488,44
3,483,51
3,486,46
3,485,51
3,485,47
3,483,53
3,486,47
3,485,52
3,484,48
3,484,53
3,487,48
3,484,53
3,485,49
3,485,54
3,486,50
3,484,55
3,484,50
3,484,56
3,484,51
3,482,57
3,485,52
3,484,57
3,484,53
3,483,58
3,485,54
3,484,54
3,485,55
3,484,55
3,484,56
3,485,56
3,486,57
3,482,57
3,486,58
3,484,58
3,487,58
3,486,59
3,486,59
3,486,60
3,485,60
3,485,61
3,485,61
3,486,61
3,486,62
3,487,62
3,485,63
3,486,63
3,486,63
3,485,64
3,485,64
3,486,64
3,487,65
3,485,65
3,485,72
3,486,66
3,484,72
3,486,66
3,486,73
3,487,67
3,487,73
3,487,68
3,487,73
3,487,68
3,485,73
3,486,69
3,483,74
3,486,69
3,483,75
3,484,70
3,485,75
3,486,70
3,483,75
3,486,71
3,484,76
3,487,71
3,485,76
3,488,72
3,483,77
3,486,72
3,485,77
3,485,73
3,485,77
3,486,73
3,484,79
3,485,74
4,483,79
2,487,74
2,485,91
2,483,102
2,484,100
2,484,91
2,483,79
2,484,67
2,484,58
2,484,51
2,484,47
2,484,43
2,483,41
2,486,38
2,485,36
2,484,36
2,485,34
2,484,34
2,485,33
2,485,33
2,485,32
2,485,32
2,485,32
2,484,31
2,485,32
2,484,31
2,486,31
2,485,31
2,484,31
2,483,31
2,485,31
2,483,31
2,485,31
2,486,31
2,484,31
2,486,30
2,486,31
2,483,31
2,483,31
2,485,31
2,485,31
2,483,30
2,483,31
2,484,31
2,485,31
2,485,31
2,483,31
2,485,31
2,484,31
2,484,30
2,485,31
2,485,31
2,485,31
2,484,31
2,485,31
2,483,31
2,485,31
2,484,31
2,486,31
2,484,31
2,486,31
3,485,31
3,485,28
3,485,38
3,485,37
3,484,45
3,485,42
3,483,49
3,486,45
3,484,50
3,487,45
3,482,51
3,485,46
3,483,52
3,485,47
3,484,52
3,486,47
3,482,53
3,485,48
3,483,53
3,487,48
3,484,53
3,485,49
3,484,48
3,486,50
3,483,50
3,486,51
3,484,51
3,484,52
3,484,52
3,487,52
3,484,53
3,484,53
3,486,54
3,487,54
3,484,55
3,484,55
3,487,55
3,485,56
3,484,57
3,486,57
3,484,57
3,485,58
3,484,58
3,486,58
3,487,59
3,487,59
3,485,60
3,485,60
3,484,61
3,484,61
3,486,61
3,487,67
3,487,62
3,485,67
3,487,63
3,486,68
3,485,63
3,486,69
3,486,64
3,483,69
3,486,65
3,483,71
3,485,66
3,484,70
3,487,66
3,484,72
3,484,67
3,484,72
3,484,67
3,484,72
3,485,67
3,483,73
3,486,68
3,483,73
3,484,69
3,484,74
3,485,69
3,482,75
3,486,70
3,482,75
3,486,70
3,485,75
3,486,70
3,485,75
3,487,71
3,484,76
3,486,72
3,482,71
3,484,72
3,483,72
4,486,72
2,484,72
2,483,91
2,483,101
2,483,99
2,484,89
2,484,77
2,482,66
2,485,57
2,485,51
2,483,46
2,485,42
2,485,40
2,484,38
2,485,36
2,483,35
2,485,34
2,485,33
2,484,32
2,485,32
2,485,31
2,483,31
2,485,31
2,485,31
2,485,30
2,485,30
2,484,30
2,485,31
2,483,30
2,485,30
2,483,31
2,483,30
2,485,30
2,485,30
2,484,30
2,483,30
2,484,30
2,484,30
2,483,30
2,484,30
2,485,30
2,483,30
2,485,30
2,484,31
2,485,30
2,485,30
2,484,31
2,484,31
2,484,30
2,485,30
2,485,30
2,483,30
2,483,31
2,485,30
2,484,31
2,484,30
2,484,31
2,485,30
2,484,30
2,484,31
2,485,31
3,485,31
3,484,33
3,484,32
3,483,42
3,487,39
3,482,47
3,484,43
3,483,48
3,486,44
3,484,44
3,484,45
3,483,44
3,485,45
3,484,45
3,486,45
3,483,46
3,483,46
3,484,47
3,484,47
3,484,47
3,487,48
3,485,48
3,484,48
3,484,49
3,485,49
3,484,50
3,485,50
3,487,51
3,487,51
3,484,51
3,485,52
3,485,53
3,484,53
3,485,53
3,487,54
3,486,54
3,485,55
3,486,55
3,484,62
3,486,56
3,485,62
3,484,57
3,486,63
3,486,57
3,485,63
3,485,58
3,485,64
3,487,59
3,485,64
3,484,60
3,485,65
3,484,61
3,485,66
3,486,61
3,484,67
3,486,62
3,484,67
3,487,63
3,483,68
3,484,63
3,484,68
3,484,64
3,484,69
3,484,64
3,482,70
3,487,65
3,484,71
3,485,65
3,484,71
3,485,67
3,482,72
3,487,67
3,484,73
3,484,67
3,484,72
3,487,68
3,483,67
3,484,68
3,485,68
3,487,69
3,486,69
3,486,69
3,486,69
3,485,70
3,486,70
3,485,71
3,487,70
3,484,71
3,483,71
3,487,71
4,485,71
2,485,71
2,483,90
2,485,99
2,483,98
2,485,88
2,483,76
2,485,66
2,484,56
2,484,50
2,485,46
2,484,42
2,483,39
2,483,37
2,483,36
2,485,34
2,484,33
2,485,32
2,484,32
2,484,31
2,485,32
2,483,31
2,483,30
2,483,31
2,484,30
2,485,31
2,485,30
2,485,30
2,485,30
2,484,30
2,485,29
2,483,29
2,483,30
2,485,30
2,484,30
2,485,30
2,484,30
2,484,30
2,483,30
2,485,30
2,483,30
2,484,30
2,485,30
2,483,30
2,485,30
2,484,30
2,483,30
2,484,30
2,485,30
2,485,30
2,485,30
2,483,30
2,485,30
2,483,30
2,485,30
2,483,30
2,483,30
2,485,30
2,484,30
2,484,30
2,484,30
3,485,30
3,485,27
3,485,32
3,486,36
3,485,39
3,484,41
3,485,42
3,485,43
3,485,44
3,486,44
3,485,44
3,486,44
3,486,45
3,486,45
3,486,45
3,484,45
3,487,45
3,485,46
3,484,46
3,484,53
3,484,47
3,484,53
3,486,48
3,485,54
3,485,48
3,485,54
3,484,50
3,485,55
3,487,50
3,485,56
3,484,51
3,484,57
3,486,52
3,483,58
3,485,53
3,482,59
3,483,54
3,484,60
3,485,55
3,484,61
3,486,56
3,484,61
3,484,57
3,483,62
3,485,57
3,482,63
3,485,58
3,482,64
3,486,59
3,484,64
3,484,60
3,484,65
3,487,60
3,483,66
3,485,61
3,484,66
3,486,61
3,482,61
3,485,62
3,483,62
3,486,63
3,483,63
3,486,63
3,485,64
3,485,64
3,483,64
3,486,64
3,485,65
3,485,65
3,485,66
3,486,66
3,485,66
3,485,66
3,486,66
3,485,67
3,484,67
3,484,67
3,487,68
3,485,68
3,483,68
3,487,68
3,485,69
3,487,69
3,484,69
3,484,70
3,484,70
3,485,76
3,486,70
3,486,76
3,486,70
4,486,75
2,484,71
2,484,89
2,485,97
2,482,97
2,485,87
2,484,75
2,485,65
2,484,56
2,485,50
2,485,45
2,482,42
2,484,39
2,484,37
2,485,36
2,483,34
2,484,33
2,484,32
2,485,31
2,484,31
2,485,31
2,484,31
2,483,31
2,484,31
2,485,30
2,483,30
2,485,29
2,483,30
2,485,29
2,485,30
2,484,29
2,485,29
2,484,30
2,484,29
2,484,29
2,483,29
2,484,30
2,485,29
2,482,30
2,486,29
2,483,29
2,484,30
2,484,30
2,485,30
2,484,29
2,483,29
2,483,30
2,485,29
2,483,30
2,483,30
2,484,30
2,484,30
2,484,30
2,483,30
2,483,30
2,484,30
2,485,30
2,483,30
2,485,30
2,484,30
2,483,31
3,485,30
3,485,27
3,484,38
3,485,36
3,485,44
3,485,40
3,486,47
3,486,42
3,485,48
3,485,43
3,482,50
3,484,44
3,483,50
3,486,44
3,484,50
3,487,45
3,483,51
3,485,45
3,483,51
3,486,46
3,484,52
3,487,47
3,484,52
3,485,48
3,484,53
3,486,48
3,483,54
3,487,49
3,485,55
3,487,50
3,482,56
3,483,51
3,484,56
3,487,52
3,484,58
3,486,53
3,484,58
3,484,54
3,485,53
3,486,54
3,484,55
3,486,55
3,483,56
3,484,56
3,484,57
3,487,57
3,485,57
3,483,58
3,485,58
3,487,58
3,485,60
3,487,59
3,485,59
3,484,60
3,486,60
3,486,60
3,486,61
3,485,62
3,486,61
3,486,62
3,485,62
3,487,62
3,484,63
3,486,63
3,485,64
3,486,63
3,486,64
3,485,70
3,486,64
3,486,71
3,487,65
3,485,70
3,484,66
3,482,71
3,484,66
3,485,71
3,484,67
3,482,73
3,486,67
3,483,73
3,486,67
3,484,73
3,485,68
3,485,73
3,486,68
3,482,74
3,486,69
3,482,75
3,486,69
3,483,75
4,487,70
2,484,75
2,483,87
2,483,97
2,483,96
2,483,87
2,484,75
2,485,64
2,483,56
2,484,50
2,483,44
2,484,41
2,485,39
2,483,37
2,483,35
2,484,34
2,485,33
2,483,32
2,484,32
2,483,31
2,485,30
2,484,31
2,485,30
2,485,30
2,483,30
2,485,30
2,484,29
2,485,30
2,482,30
2,483,30
2,484,30
2,485,29
2,483,30
2,485,29
2,484,29
2,484,29
2,485,29
2,482,30
2,484,30
2,483,30
2,483,29
2,483,30
2,483,30
2,484,29
2,483,30
2,483,30
2,484,29
2,484,30
2,485,30
2,484,30
2,483,30
2,483,30
2,484,30
2,484,30
2,484,30
2,485,30
2,483,30
2,483,30
2,485,30
2,485,29
2,485,30
3,484,30
3,485,32
3,486,31
3,482,41
3,486,38
3,483,46
3,483,41
3,482,48
3,487,43
3,484,48
3,485,43
3,482,49
3,483,44
3,483,49
3,484,44
3,483,50
3,483,45
3,485,50
3,484,45
3,484,44
3,485,46
3,483,46
3,484,47
3,482,47
3,486,47
3,484,48
3,486,48
3,484,49
3,487,49
3,486,50
3,484,50
3,484,51
3,484,51
3,485,52
3,487,52
3,483,52
3,485,53
3,484,53
3,485,54
3,485,54
3,486,54
3,484,55
3,484,55
3,487,56
3,484,56
3,486,56
3,487,57
3,487,57
3,484,64
3,485,58
3,484,65
3,487,59
3,486,65
3,483,59
3,485,65
3,484,60
3,482,66
3,484,61
3,483,66
3,486,61
3,484,67
3,486,62
3,482,68
3,486,63
3,484,68
3,486,63
3,483,68
3,483,64
3,484,69
3,486,64
3,482,70
3,484,65
3,484,70
3,484,66
3,484,71
3,485,66
3,482,72
3,486,66
3,484,71
3,484,67
3,483,72
3,486,67
3,483,72
3,486,68
3,484,67
3,487,68
3,484,68
3,484,69
3,482,69
3,487,69
4,483,70
2,485,69
2,483,88
2,485,96
2,484,95
2,485,86
2,483,75
2,484,63
2,484,55
2,484,49
2,484,44
2,484,41
2,485,38
2,482,37
2,485,34
2,485,33
2,483,33
2,483,32
2,483,32
2,482,31
2,484,30
2,484,31
2,483,30
2,485,29
2,484,30
2,483,30
2,483,29
2,483,29
2,483,29
2,485,29
2,484,29
2,485,29
2,484,29
2,485,29
2,484,29
2,485,29
2,485,29
2,485,29
2,482,29
2,485,29
2,484,29
2,484,29
2,484,29
2,483,30
2,485,29
2,485,29
2,484,30
2,484,30
2,484,29
2,484,30
2,485,29
2,484,29
2,485,29
2,484,29
2,485,30
2,485,29
2,484,30
2,485,29
2,485,30
2,483,30
2,483,30
3,485,29
3,487,26
3,485,31
3,487,35
3,484,38
3,484,40
3,486,41
3,486,42
3,487,42
3,484,43
3,486,43
3,484,43
3,486,43
3,485,43
3,485,44
3,484,44
3,486,44
3,484,44
3,486,44
3,487,45
3,487,45
3,486,46
3,485,46
3,486,46
3,487,47
3,484,48
3,484,48
3,485,54
3,485,49
3,485,55
3,486,49
3,486,55
3,484,50
3,486,56
3,485,51
3,484,57
3,486,52
3,482,58
3,486,53
3,485,58
3,485,54
3,483,59
3,487,54
3,485,60
3,487,55
3,482,61
3,484,56
3,485,61
3,485,57
3,484,62
3,484,58
3,483,64
3,485,58
3,484,63
3,484,59
3,485,64
3,485,60
3,484,65
3,487,60
3,483,66
3,487,61
3,483,67
3,485,62
3,482,61
3,484,62
3,484,61
3,484,63
3,482,63
3,485,64
3,484,64
3,486,64
3,485,64
3,486,64
3,485,65
3,486,65
3,486,65
3,487,65
3,486,66
3,485,66
3,486,66
3,487,66
3,486,66
3,484,67
3,484,67
3,486,67
3,485,68
3,485,68
3,484,68
3,486,68
3,485,69
4,484,69
2,484,69
2,483,86
2,483,96
2,484,95
2,484,86
2,485,74
2,484,64
2,483,55
2,484,48
2,485,44
2,484,40
2,483,38
2,484,36
2,485,34
2,484,33
2,484,32
2,484,32
2,483,31
2,485,31
2,485,30
2,483,30
2,485,30
2,485,30
2,485,29
2,483,30
2,484,29
2,484,29
2,484,29
2,483,29
2,484,29
2,484,29
2,484,29
2,485,29
2,483,29
2,484,28
2,483,29
2,484,29
2,486,29
2,485,29
2,485,29
2,483,29
2,484,29
2,486,29
2,484,29
2,484,29
2,484,29
2,485,29
2,486,29
2,484,29
2,484,29
2,485,29
2,485,29
2,483,29
2,483,30
2,485,29
2,485,29
2,484,29
2,483,30
2,483,30
2,484,29
3,483,29
3,485,26
3,487,31
3,484,35
3,487,37
3,487,39
3,484,41
3,485,41
3,484,49
3,485,42
3,484,48
3,486,42
3,487,48
3,484,43
3,482,49
3,485,44
3,484,49
3,485,44
3,483,50
3,485,45
3,485,50
3,487,45
3,485,51
3,487,46
3,482,52
3,486,47
3,482,53
3,484,48
3,484,53
3,486,48
3,483,54
3,486,49
3,483,56
3,487,50
3,482,57
3,485,52
3,484,56
3,484,52
3,484,58
3,484,53
3,484,59
3,485,54
3,484,59
3,487,55
3,485,54
3,484,56
3,482,55
3,486,56
3,485,56
3,484,57
3,483,57
3,486,57
3,484,58
3,487,58
3,485,59
3,485,59
3,485,59
3,487,60
3,486,60
3,486,60
3,484,61
3,485,61
3,487,61
3,485,62
3,486,62
3,485,62
3,484,62
3,485,62
3,487,63
3,484,63
3,484,64
3,484,64
3,486,64
3,485,70
3,486,64
3,485,70
3,486,65
3,485,70
3,485,66
3,485,71
3,484,66
3,484,71
3,484,67
3,485,71
3,484,67
3,484,72
3,485,68
3,482,73
3,485,68
3,483,74
4,486,68
2,483,74
2,483,86
2,485,95
2,484,95
2,483,86
2,483,74
2,485,63
2,485,54
2,485,49
2,484,44
2,484,40
2,485,38
2,483,36
2,485,34
2,485,33
2,485,32
2,485,31
2,484,31
2,485,31
2,485,30
2,483,30
2,485,29
2,485,29
2,485,29
2,485,29
2,483,29
2,484,29
2,484,29
2,484,29
2,484,29
2,483,28
2,484,29
2,483,29
2,485,29
2,485,29
2,484,28
2,484,29
2,483,29
2,484,29
2,484,29
2,485,29
2,485,29
2,485,29
2,484,29
2,485,29
2,486,29
2,485,29
2,484,29
2,483,29
2,485,29
2,484,29
2,484,29
2,485,29
2,483,29
2,485,29
2,483,29
2,483,29
2,485,29
2,483,30
2,484,29
3,485,29
3,485,32
3,485,31
3,483,40
3,484,37
3,484,44
3,486,40
3,484,47
3,484,42
3,483,48
3,486,42
3,483,48
3,486,42
3,484,48
3,487,43
3,485,48
3,485,44
3,484,49
3,487,44
3,483,50
3,484,45
3,483,51
3,487,45
3,485,51
3,486,46
3,482,46
3,485,47
3,483,47
3,486,48
3,483,48
3,487,49
3,485,50
3,487,50
3,486,50
3,487,51
3,486,51
3,484,52
3,487,52
3,484,52
3,484,53
3,485,53
3,484,54
3,486,54
3,485,55
3,487,55
3,485,55
3,486,56
3,485,56
3,487,56
3,486,57
3,484,57
3,486,57
3,487,57
3,487,58
3,485,63
3,487,59
3,487,64
3,484,59
3,486,65
3,487,60
3,483,66
3,485,61
3,485,66
3,484,61
3,484,66
3,485,62
3,484,68
3,485,62
3,484,67
3,484,63
3,483,68
3,484,63
3,482,69
3,487,64
3,485,69
3,484,64
3,482,70
3,485,65
3,484,70
3,485,66
3,483,70
3,485,66
3,485,71
3,486,66
3,483,72
3,487,67
3,484,71
3,485,67
3,483,67
3,486,68
4,485,67
2,486,68
2,484,86
2,484,95
2,483,94
2,483,85
2,483,73
2,484,62
2,483,54
2,485,48
2,485,43
2,484,40
2,484,37
2,483,35
2,484,34
2,483,33
2,485,33
2,483,31
2,485,31
2,484,30
2,485,30
2,483,30
2,483,29
2,484,29
2,483,29
2,485,29
2,485,29
2,483,29
2,484,28
2,485,29
2,485,29
2,484,29
2,485,28
2,483,29
2,485,29
2,483,29
2,483,29
2,485,28
2,484,29
2,484,29
2,484,28
2,484,28
2,483,29
2,485,28
2,485,29
2,485,28
2,484,29
2,484,29
2,485,29
2,483,29
2,485,29
2,483,29
2,484,29
2,483,29
2,485,29
2,486,29
2,483,29
2,484,29
2,483,29
2,484,29
2,483,29
3,483,29
3,485,26
3,485,36
3,486,34
3,484,36
3,484,39
3,484,40
3,487,41
3,483,41
3,486,41
3,486,42
3,484,42
3,486,42
3,484,42
3,488,42
3,486,42
3,487,43
3,485,43
3,485,44
3,486,44
3,487,44
3,487,45
3,484,45
3,486,45
3,486,45
3,487,46
3,487,47
3,487,47
3,486,47
3,487,48
3,486,48
3,484,49
3,484,49
3,484,56
3,484,50
3,486,56
3,485,51
3,486,56
3,485,52
3,483,58
3,484,53
3,484,58
3,485,53
3,485,59
3,485,54
3,484,59
3,484,55
3,482,61
3,486,55
3,482,61
3,487,56
3,485,61
3,484,57
3,482,63
3,485,58
3,484,63
3,486,58
3,484,64
3,485,59
3,483,65
3,486,59
3,483,65
3,484,60
3,482,66
3,484,61
3,482,66
3,487,61
3,483,66
3,484,62
3,485,61
3,484,62
3,485,62
3,487,63
3,483,63
3,485,64
3,483,64
3,485,64
3,487,64
3,487,64
3,485,65
3,487,65
3,485,65
3,483,65
3,485,65
3,485,66
3,486,66
3,484,66
3,486,66
3,484,67
3,485,67
4,485,67
2,487,67
2,484,85
2,483,95
2,483,93
2,485,84
2,483,73
2,484,63
2,483,54
2,485,48
2,483,43
2,484,40
2,484,38
2,483,35
2,485,33
2,483,32
2,485,31
2,485,31
2,484,30
2,483,30
2,483,30
2,483,29
2,484,29
2,484,29
2,484,29
2,484,29
2,485,29
2,484,28
2,485,28
2,483,29
2,484,28
2,485,29
2,483,29
2,485,28
2,483,28
2,484,28
2,484,28
2,485,28
2,483,28
2,483,28
2,483,29
2,483,29
2,484,29
2,484,29
2,485,29
2,483,29
2,484,28
2,483,29
2,484,28
2,483,29
2,484,28
2,484,29
2,483,29
2,484,28
2,484,29
2,484,28
2,484,306
2,484,401
2,483,423
2,484,435
2,485,29
3,484,29
3,483,31
3,485,30
3,483,33
3,487,36
3,483,37
3,486,40
3,483,40
3,485,41
3,485,41
3,486,41
3,483,41
3,487,42
3,486,42
3,484,42
3,484,42
3,486,43
3,487,43
3,486,43
3,486,43
3,484,44
3,485,45
3,486,44
3,487,45
3,484,46
3,487,46
3,486,46
3,486,47
3,487,47
3,487,48
3,487,48
3,487,48
3,484,55
3,487,49
3,485,56
3,483,50
3,486,56
3,487,51
3,487,56
3,486,52
3,484,57
3,485,53
3,482,59
3,484,54
3,482,59
3,487,54
3,483,60
3,487,55
3,482,61
3,487,56
3,484,61
3,484,57
3,483,62
3,484,57
3,483,63
3,484,58
3,483,64
3,484,59
3,484,64
3,485,59
3,484,65
3,486,60
3,484,64
3,487,60
3,485,65
3,487,61
3,484,66
3,484,62
3,484,66
3,487,62
3,484,61
3,485,63
3,484,62
3,484,63
3,482,63
3,487,64
3,484,64
3,486,64
3,484,64
3,486,63
3,486,58
3,485,54
3,486,49
3,486,46
3,485,44
3,486,41
3,485,41
3,486,43
3,485,46
3,485,49
4,485,52
2,486,53
2,483,73
2,482,88
2,484,94
2,482,91
2,484,81
2,482,70
2,483,60
2,484,53
2,484,47
2,484,43
2,484,39
2,482,37
2,484,36
2,483,34
2,482,33
2,484,32
2,483,31
2,482,31
2,483,30
2,484,30
2,483,29
2,482,29
2,483,29
2,482,29
2,483,29
2,484,29
2,484,29
2,484,28
2,484,29
2,482,29
2,482,28
2,482,29
2,483,29
2,482,28
2,483,29
2,483,28
2,484,29
2,483,28
2,482,29
2,482,29
2,484,28
2,482,28
2,484,29
2,484,29
2,484,29
2,482,29
2,484,29
2,484,29
2,484,29
2,482,29
2,483,29
2,482,29
2,483,29
2,484,29
2,484,29
2,482,29
2,483,30
2,482,30
2,483,29
3,482,30
3,485,26
3,487,30
3,485,34
3,487,37
3,484,39
3,486,40
3,486,40
3,485,41
3,486,41
3,486,42
3,487,42
3,484,42
3,486,42
3,485,42
3,483,48
3,484,43
3,484,48
3,485,43
3,486,49
3,485,44
3,485,49
3,486,44
3,483,50
3,485,45
3,481,51
3,485,48
3,481,52
3,483,47
3,483,53
3,484,48
3,483,54
3,484,49
3,483,54
3,484,50
3,482,56
3,485,50
3,482,57
3,485,51
3,484,57
3,486,52
3,483,57
3,486,53
3,481,59
3,486,54
3,484,59
3,486,54
3,483,59
3,486,55
3,482,61
3,484,56
3,483,56
3,485,57
3,483,57
3,485,57
3,483,57
3,485,58
3,483,58
3,486,58
3,485,59
3,486,59
3,485,60
3,484,60
3,484,60
3,487,60
3,485,61
3,484,61
3,484,61
3,485,62
3,486,62
3,486,62
3,487,62
3,486,63
3,487,63
3,486,63
3,484,63
3,487,63
3,485,64
3,484,64
3,485,64
3,484,70
3,484,65
3,484,70
3,486,65
3,485,70
3,487,66
3,486,71
3,486,66
3,483,71
3,484,67
4,484,71
2,484,67
2,484,84
2,482,94
2,483,92
2,482,84
2,484,72
2,484,62
2,482,55
2,483,48
2,482,44
2,484,41
2,483,38
2,483,36
2,482,34
2,485,33
2,483,32
2,483,31
2,484,31
2,482,30
2,482,30
2,483,30
2,482,29
2,483,29
2,483,29
2,483,29
2,483,29
2,484,28
2,482,29
2,484,29
2,484,28
2,484,28
2,484,28
2,484,28
2,484,28
2,482,29
2,484,29
2,482,29
2,484,28
2,483,29
2,484,29
2,483,29
2,482,29
2,484,28
2,482,29
2,483,28
2,484,28
2,484,29
2,482,29
2,484,29
2,483,29
2,484,29
2,484,29
2,482,29
2,483,29
2,484,29
2,482,29
2,484,29
2,483,29
2,484,29
2,483,29
3,482,29
3,486,26
3,483,36
3,484,34
3,482,42
3,484,39
3,482,45
3,484,40
3,483,47
3,484,41
3,484,47
3,487,41
3,481,47
3,485,42
3,483,47
3,487,42
3,484,48
3,486,43
3,484,48
3,487,43
3,482,49
3,487,44
3,482,49
3,486,45
3,483,50
3,487,46
3,481,52
3,487,46
3,483,52
3,485,47
3,484,53
3,484,48
3,484,48
3,485,49
3,483,49
3,486,50
3,481,50
3,485,51
3,481,51
3,486,51
3,485,52
3,487,52
3,486,52
3,486,53
3,486,53
3,487,54
3,486,54
3,486,54
3,485,55
3,484,55
3,485,56
3,485,56
3,484,56
3,485,56
3,484,57
3,486,57
3,484,58
3,485,58
3,484,58
3,484,58
3,486,59
3,485,65
3,486,59
3,485,65
3,487,60
3,485,65
3,486,60
3,485,66
3,486,61
3,481,67
3,485,62
3,483,67
3,486,62
3,483,67
3,487,63
3,483,68
3,486,63
3,483,68
3,485,63
3,481,69
3,486,64
3,484,69
3,486,64
3,484,70
3,485,65
3,483,70
3,484,66
3,481,71
3,485,66
3,482,71
4,484,67
2,483,71
2,482,83
2,482,94
2,484,92
2,483,83
2,483,73
2,483,62
2,482,54
2,484,48
2,484,44
2,483,39
2,483,37
2,484,36
2,484,34
2,482,32
2,484,32
2,482,31
2,482,31
2,484,30
2,484,30
2,482,29
2,482,30
2,484,28
2,484,29
2,484,29
2,484,28
2,482,28
2,483,28
2,482,29
2,482,28
2,483,29
2,482,28
2,483,28
2,482,29
2,482,28
2,484,28
2,483,28
2,484,28
2,484,28
2,482,29
2,483,28
2,484,28
2,482,29
2,484,28
2,483,28
2,483,29
2,484,28
2,482,29
2,482,29
2,484,28
2,482,29
2,482,29
2,484,28
2,482,29
2,484,28
2,483,29
2,484,28
2,482,29
2,484,29
2,484,28
3,482,29
3,483,31
3,487,30
3,483,40
3,486,36
3,481,43
3,487,39
3,484,46
3,484,40
3,483,46
3,484,41
3,482,47
3,486,41
3,483,41
3,485,41
3,482,41
3,485,42
3,482,42
3,486,42
3,482,43
3,487,43
3,485,44
3,485,44
3,487,44
3,487,45
3,487,45
3,484,46
3,484,46
3,486,46
3,485,47
3,485,47
3,485,48
3,484,48
3,486,48
3,486,49
3,486,49
3,486,49
3,486,50
3,487,50
3,484,51
3,486,51
3,486,52
3,485,58
3,484,53
3,485,58
3,483,53
3,485,59
3,484,54
3,481,60
3,484,55
3,481,60
3,485,56
3,482,61
3,484,56
3,483,61
3,485,57
3,483,62
3,484,57
3,482,63
3,487,58
3,481,64
3,487,59
3,483,64
3,487,59
3,482,65
3,487,60
3,482,65
3,485,60
3,483,65
3,484,61
3,481,66
3,486,61
3,483,66
3,487,62
3,484,67
3,484,63
3,482,67
3,484,63
3,482,62
3,487,63
3,482,63
3,484,64
3,482,64
3,484,64
3,481,64
3,486,65
3,486,65
3,487,65
3,487,65
3,483,66
4,485,66
2,487,66
2,482,84
2,482,93
2,484,92
2,483,83
2,482,72
2,483,61
2,484,53
2,482,48
2,482,43
2,482,40
2,483,37
2,484,35
2,484,33
2,482,33
2,482,31
2,482,31
2,482,30
2,484,30
2,484,29
2,484,29
2,482,29
2,484,29
2,484,29
2,482,29
2,482,28
2,483,28
2,482,29
2,482,29
2,483,28
2,482,28
2,483,28
2,484,28
2,482,28
2,483,28
2,484,28
2,483,28
2,482,29
2,482,29
2,483,28
2,482,28
2,482,28
2,484,28
2,483,29
2,484,28
2,482,29
2,482,28
2,482,28
2,484,28
2,484,28
2,483,28
2,483,28
2,482,29
2,484,28
2,484,28
2,482,28
2,484,29
2,483,28
2,483,28
2,483,28
3,484,28
3,486,26
3,485,30
3,486,33
3,484,36
3,484,38
3,487,39
3,484,40
3,486,40
3,486,40
3,486,41
3,486,41
3,487,41
3,486,41
3,487,41
3,487,42
3,486,42
3,484,42
3,486,42
3,484,43
3,484,43
3,486,49
3,483,44
3,484,50
3,485,45
3,486,50
3,485,46
3,481,51
3,486,46
3,484,52
3,485,47
3,482,53
3,487,47
3,484,53
3,486,49
3,482,54
3,487,49
3,483,55
3,484,50
3,481,56
3,487,51
3,481,57
3,485,52
3,483,57
3,484,53
3,481,58
3,484,53
3,481,59
3,485,55
3,483,59
3,487,55
3,481,61
3,485,56
3,481,61
3,484,56
3,484,61
3,487,57
3,483,57
3,483,57
3,483,57
3,485,58
3,484,58
3,485,59
3,483,59
3,487,59
3,484,60
3,487,60
3,484,60
3,487,60
3,485,60
3,487,61
3,485,61
3,484,61
3,486,61
3,485,62
3,485,62
3,485,62
3,486,63
3,484,63
3,487,63
3,485,63
3,484,63
3,485,63
3,484,64
3,484,64
3,485,64
3,484,70
3,485,64
3,485,70
3,486,65
4,485,70
2,486,65
2,481,83
2,484,92
2,483,91
2,482,82
2,484,71
2,484,61
2,483,54
2,482,47
2,481,43
2,483,40
2,482,37
2,483,34
2,484,33
2,483,33
2,482,32
2,481,30
2,482,30
2,482,30
2,482,29
2,482,29
2,483,29
2,482,29
2,482,28
2,484,28
2,482,29
2,482,28
2,482,27
2,482,28
2,484,28
2,482,28
2,483,28
2,483,28
2,483,28
2,484,27
2,482,28
2,483,28
2,483,28
2,481,28
2,483,28
2,484,28
2,483,28
2,483,28
2,483,28
2,482,28
2,484,28
2,483,28
2,484,28
2,484,28
2,484,28
2,484,28
2,482,28
2,483,28
2,482,28
2,483,28
2,482,28
2,483,28
2,482,29
2,482,29
2,483,29
3,484,28
3,485,25
3,483,29
3,484,33
3,484,41
3,485,38
3,485,45
3,485,40
3,486,45
3,485,40
3,481,46
3,483,40
3,482,46
3,483,41
3,483,46
3,485,41
3,481,47
3,484,42
3,481,48
3,484,42
3,482,47
3,484,43
3,483,48
3,485,44
3,483,49
3,483,44
3,482,50
3,487,45
3,482,51
3,483,46
3,483,52
3,486,47
3,483,52
3,486,48
3,481,53
3,486,49
3,481,55
3,484,49
3,483,54
3,487,50
3,483,50
3,486,51
3,483,52
3,484,52
3,484,52
3,486,53
3,484,53
3,486,53
3,485,54
3,485,54
3,485,55
3,485,55
3,486,55
3,487,55
3,486,55
3,484,56
3,486,56
3,485,56
3,485,57
3,486,57
3,484,58
3,485,58
3,484,58
3,485,59
3,485,59
3,485,59
3,486,59
3,484,59
3,484,60
3,486,66
3,486,60
3,485,66
3,483,61
3,485,67
3,485,62
3,481,67
3,484,62
3,481,68
3,484,63
3,482,68
3,485,63
3,483,68
3,485,64
3,482,69
3,486,64
3,482,70
3,484,65
3,482,69
3,483,65
3,481,70
4,484,65
2,482,71
2,482,82
2,481,92
2,483,91
2,484,82
2,483,71
2,484,60
2,482,53
2,482,47
2,484,42
2,483,39
2,481,37
2,484,34
2,481,34
2,484,32
2,484,31
2,483,31
2,484,30
2,482,30
2,482,29
2,484,29
2,483,28
2,482,29
2,483,28
2,483,28
2,482,28
2,482,28
2,483,28
2,482,28
2,483,27
2,484,28
2,483,27
2,484,28
2,484,28
2,483,28
2,484,27
2,483,28
2,482,27
2,482,28
2,483,27
2,483,28
2,481,28
2,483,28
2,484,28
2,481,28
2,484,28
2,481,28
2,484,28
2,483,28
2,484,28
2,481,28
2,482,28
2,483,28
2,483,28
2,483,28
2,484,28
2,483,28
2,484,28
2,482,29
2,482,28
3,484,28
3,482,30
3,484,29
3,484,38
3,486,35
3,482,44
3,486,39
3,482,44
3,483,40
3,481,45
3,486,40
3,482,45
3,485,41
3,481,47
3,484,41
3,482,46
3,485,42
3,482,47
3,484,42
3,482,49
3,486,43
3,482,43
3,485,43
3,481,44
3,486,44
3,481,45
3,486,45
3,486,45
3,487,46
3,486,46
3,485,46
3,486,47
3,486,47
3,484,48
3,484,48
3,486,49
3,484,49
3,483,50
3,486,50
3,484,51
3,485,51
3,484,51
3,486,51
3,484,52
3,484,53
3,486,53
3,486,53
3,486,53
3,485,54
3,483,54
3,484,60
3,486,55
3,483,60
3,484,56
3,485,60
3,486,56
3,481,62
3,483,57
3,484,62
3,485,58
3,483,63
3,483,58
3,481,63
3,484,59
3,482,64
3,486,59
3,484,64
3,486,60
3,482,65
3,484,61
3,483,65
3,486,61
3,481,67
3,483,62
3,483,66
3,487,62
3,483,67
3,484,63
3,482,67
3,485,63
3,483,68
3,486,63
3,481,68
3,484,64
3,482,69
3,486,64
3,482,64
3,486,65
3,483,65
3,484,65
4,483,65
2,485,65
2,483,82
2,481,92
2,483,91
2,484,82
2,484,71
2,482,61
2,484,53
2,482,47
2,483,43
2,483,39
2,483,36
2,483,34
2,483,33
2,482,32
2,483,31
2,484,30
2,484,29
2,483,29
2,481,29
2,482,28
2,482,28
2,482,28
2,482,28
2,483,28
2,483,28
2,484,28
2,482,28
2,484,28
2,483,28
2,483,28
2,482,27
2,484,27
2,484,27
2,484,27
2,484,28
2,483,27
2,484,27
2,483,28
2,481,28
2,482,28
2,482,28
2,483,28
2,482,28
2,482,28
2,482,28
2,482,28
2,484,28
2,483,28
2,484,28
2,484,28
2,481,28
2,483,28
2,484,28
2,483,28
2,484,28
2,484,28
2,483,28
2,483,28
2,484,28
3,482,28
3,487,25
3,482,29
3,484,33
3,482,35
3,486,37
3,483,38
3,486,39
3,483,39
3,485,40
3,486,40
3,484,40
3,487,40
3,487,40
3,483,41
3,486,41
3,485,41
3,484,41
3,485,42
3,485,42
3,486,42
3,484,43
3,486,43
3,486,43
3,485,44
3,484,44
3,486,44
3,487,45
3,483,45
3,484,46
3,484,46
3,483,52
3,483,47
3,483,53
3,486,48
3,486,54
3,485,49
3,483,54
3,485,50
3,482,55
3,486,50
3,481,56
3,486,51
3,484,56
3,484,52
3,482,58
3,487,53
3,482,58
3,484,53
3,481,58
3,487,54
3,483,59
3,484,55
3,481,60
3,484,56
3,483,60
3,485,56
3,481,61
3,486,57
3,481,62
3,483,57
3,482,62
3,485,57
3,483,62
3,485,58
3,482,64
3,485,59
3,481,59
3,485,60
3,481,60
3,484,60
3,481,60
3,486,60
3,483,61
3,485,61
3,484,61
3,485,61
3,485,62
3,486,62
3,485,62
3,483,63
3,485,63
3,483,63
3,486,63
3,484,64
3,486,64
3,483,64
3,483,64
3,487,64
3,485,64
4,483,65
2,483,65
2,483,82
2,482,91
2,482,90
2,484,82
2,484,71
2,484,60
2,481,53
2,484,46
2,482,42
2,482,39
2,483,37
2,482,35
2,482,33
2,484,31
2,481,31
2,482,30
2,483,29
2,484,29
2,483,29
2,482,28
2,484,28
2,482,28
2,483,28
2,482,27
2,484,27
2,482,28
2,482,28
2,481,28
2,484,27
2,484,27
2,483,28
2,482,28
2,482,28
2,482,28
2,481,27
2,482,27
2,482,28
2,484,28
2,483,28
2,481,28
2,484,27
2,481,28
2,482,27
2,484,28
2,482,28
2,483,27
2,482,27
2,484,28
2,482,28
2,482,28
2,483,27
2,483,27
2,482,28
2,482,28
2,483,28
2,483,28
2,482,28
2,483,28
2,481,28
3,481,28
3,484,24
3,485,29
3,484,32
3,484,35
3,487,37
3,486,38
3,483,39
3,483,39
3,484,39
3,484,39
3,484,40
3,484,41
3,485,40
3,484,46
3,485,40
3,485,46
3,486,41
3,485,46
3,485,41
3,483,47
3,486,42
3,483,48
3,486,43
3,483,48
3,483,44
3,483,49
3,483,44
3,481,50
3,483,45
3,483,51
3,484,46
3,482,52
3,484,47
3,483,52
3,485,48
3,483,53
3,487,49
3,482,55
3,486,49
3,483,55
3,484,50
3,483,55
3,485,51
3,482,56
3,485,52
3,483,57
3,484,52
3,481,53
3,484,53
3,481,53
3,485,54
3,481,54
3,485,54
3,481,55
3,485,55
3,484,56
3,487,56
3,485,56
3,484,57
3,486,57
3,485,57
3,486,57
3,485,57
3,486,58
3,484,58
3,486,58
3,486,58
3,484,59
3,486,59
3,486,59
3,486,60
3,484,60
3,485,60
3,486,60
3,486,61
3,484,61
3,483,66
3,485,62
3,485,66
3,486,62
3,485,67
3,483,62
3,483,68
3,486,63
3,482,68
3,484,63
3,483,68
3,484,64
3,482,69
4,485,64
2,484,69
2,482,82
2,481,91
2,484,90
2,482,82
2,484,70
2,484,60
2,482,52
2,482,46
2,481,42
2,482,38
2,482,36
2,483,34
2,483,32
2,482,32
2,482,30
2,484,30
2,484,30
2,483,29
2,482,29
2,484,28
2,482,28
2,483,28
2,483,27
2,484,28
2,483,27
2,484,27
2,484,27
2,484,28
2,484,27
2,484,27
2,483,27
2,484,27
2,484,27
2,481,28
2,484,27
2,481,28
2,484,27
2,483,28
2,482,27
2,482,28
2,482,27
2,481,28
2,483,28
2,483,27
2,483,27
2,482,28
2,483,27
2,482,27
2,483,27
2,484,28
2,483,27
2,482,28
2,484,27
2,484,27
2,483,27
2,484,27
2,484,27
2,483,28
2,483,27
3,482,28
3,485,30
3,483,29
3,482,38
3,487,35
3,481,42
3,486,38
3,483,43
3,487,39
3,483,44
3,487,39
3,483,45
3,484,40
3,483,45
3,484,40
3,482,46
3,485,41
3,483,46
3,486,41
3,483,47
3,487,42
3,483,47
3,486,42
3,483,48
3,485,43
3,482,49
3,483,44
3,482,49
3,486,45
3,483,51
3,485,46
3,483,46
3,485,47
3,483,47
3,485,47
3,483,48
3,484,48
3,481,49
3,486,49
3,484,50
3,486,50
3,485,50
3,485,51
3,486,51
3,486,51
3,486,52
3,485,52
3,484,53
3,485,53
3,485,54
3,487,54
3,484,54
3,484,54
3,485,54
3,486,55
3,485,55
3,484,56
3,486,56
3,487,56
3,484,57
3,483,62
3,484,57
3,484,63
3,486,58
3,485,63
3,484,58
3,486,63
3,485,59
3,482,63
3,484,59
3,482,64
3,487,60
3,483,64
3,486,60
3,484,65
3,484,61
3,481,66
3,486,61
3,483,66
3,483,62
3,481,67
3,486,62
3,483,67
3,485,63
3,483,68
3,485,63
3,483,68
3,483,64
3,483,68
3,486,64
4,482,69
2,485,64
2,482,82
2,483,91
2,483,89
2,484,81
2,483,70
2,484,60
2,483,53
2,484,46
2,482,42
2,482,38
2,483,36
2,484,34
2,483,32
2,482,32
2,483,31
2,483,30
2,482,29
2,483,29
2,482,28
2,483,28
2,483,28
2,482,28
2,482,28
2,482,28
2,482,27
2,484,28
2,484,27
2,483,27
2,484,27
2,482,28
2,483,27
2,483,28
2,482,28
2,483,27
2,484,27
2,483,28
2,484,27
2,482,28
2,484,27
2,482,27
2,484,27
2,482,27
2,482,28
2,484,27
2,483,27
2,483,28
2,483,27
2,482,28
2,484,27
2,482,27
2,484,28
2,484,27
2,482,27
2,484,27
2,484,28
2,484,27
2,482,28
2,482,27
2,484,28
3,481,28
3,484,24
3,483,34
3,487,32
3,481,40
3,485,37
3,481,43
3,486,38
3,484,43
3,487,39
3,483,44
3,485,40
3,483,45
3,484,40
3,482,40
3,485,40
3,483,40
3,485,41
3,484,41
3,486,41
3,483,42
3,486,42
3,487,42
3,486,42
3,487,43
3,484,43
3,487,43
3,488,44
3,484,45
3,483,45
3,484,45
3,484,46
3,485,46
3,485,47
3,485,47
3,485,47
3,484,48
3,486,48
3,486,48
3,487,49
3,486,49
3,486,49
3,487,50
3,484,55
3,485,51
3,486,56
3,487,52
3,485,57
3,484,52
3,485,58
3,486,53
3,482,59
3,486,53
3,483,59
3,485,55
3,481,60
3,486,55
3,483,61
3,486,55
3,481,61
3,484,56
3,481,61
3,483,57
3,483,62
3,487,57
3,483,62
3,484,58
3,483,63
3,485,58
3,483,64
3,486,59
3,481,64
3,486,59
3,484,64
3,487,60
3,481,65
3,483,60
3,483,65
3,485,61
3,483,61
3,484,61
3,481,61
3,484,62
3,481,62
3,484,63
3,481,62
3,485,63
3,484,63
3,486,63
3,484,64
4,485,64
2,485,64
2,483,81
2,484,90
2,483,89
2,482,81
2,483,69
2,484,59
2,482,52
2,482,46
2,483,41
2,482,39
2,482,36
2,482,34
2,484,33
2,484,31
2,482,30
2,483,30
2,483,30
2,483,29
2,484,28
2,482,28
2,482,28
2,483,28
2,484,27
2,484,28
2,482,28
2,483,27
2,483,27
2,484,27
2,483,27
2,482,27
2,482,27
2,484,27
2,483,27
2,483,27
2,482,27
2,482,28
2,483,28
2,482,28
2,482,27
2,483,27
2,483,27
2,484,27
2,483,28
2,484,28
2,482,28
2,483,30
2,483,29
2,482,30
2,482,29
2,484,29
2,483,29
2,482,29
2,482,29
2,483,29
2,483,29
2,482,29
2,483,29
2,484,28
2,482,29
3,481,29
3,486,24
3,484,28
3,484,32
3,487,34
3,484,36
3,487,38
3,486,38
3,484,39
3,484,39
3,484,39
3,485,40
3,485,40
3,485,40
3,485,40
3,486,40
3,486,40
3,485,41
3,487,41
3,486,41
3,484,42
3,487,42
3,487,42
3,487,43
3,485,43
3,484,44
3,486,51
3,485,45
3,484,52
3,484,45
3,484,53
3,487,46
3,481,54
3,484,47
3,481,54
3,486,48
3,482,55
3,487,48
3,483,56
3,485,49
3,483,56
3,483,50
3,482,58
3,487,51
3,481,58
3,485,52
3,482,59
3,485,52
3,482,59
3,485,53
3,481,61
3,484,54
3,483,61
3,486,54
3,481,62
3,487,55
3,484,62
3,484,56
3,483,62
3,484,56
3,481,56
3,485,57
3,481,57
3,485,58
3,482,58
3,486,58
3,482,58
3,486,59
3,483,59
3,487,59
3,483,59
3,487,60
3,483,60
3,485,60
3,486,60
3,487,61
3,485,61
3,484,61
3,485,62
3,485,62
3,486,62
3,485,62
3,486,62
3,486,63
3,484,63
3,487,63
3,487,63
3,484,64
3,486,64
3,487,70
4,484,64
2,485,72
2,482,83
2,482,93
2,482,92
2,483,81
2,482,70
2,482,60
2,482,52
2,483,46
2,483,42
2,482,39
2,484,36
2,482,35
2,484,33
2,482,32
2,484,31
2,484,30
2,482,30
2,484,29
2,482,30
2,482,29
2,482,28
2,484,28
2,484,28
2,481,29
2,483,28
2,483,28
2,483,28
2,482,28
2,483,28
2,483,28
2,482,28
2,484,28
2,483,28
2,481,28
2,484,28
2,482,28
2,484,28
2,482,28
2,484,28
2,482,28
2,484,28
2,484,28
2,482,29
2,484,28
2,482,28
2,484,28
2,484,28
2,483,28
2,484,28
2,482,29
2,484,28
2,484,28
2,483,28
2,483,28
2,483,28
2,484,28
2,483,28
2,484,28
2,483,28
3,481,28
3,487,24
3,486,28
3,483,32
3,484,35
3,484,36
3,485,37
3,487,45
3,485,39
3,485,46
3,486,39
3,485,47
3,486,40
3,482,47
3,487,40
3,484,46
3,485,40
3,481,48
3,485,41
3,481,48
3,484,42
3,482,48
3,484,42
3,483,49
3,485,43
3,481,51
3,485,44
3,483,51
3,486,45
3,483,52
3,486,45
3,482,54
3,486,46
3,482,53
3,485,48
3,483,54
3,485,48
3,483,55
3,484,49
3,481,56
3,487,50
3,482,50
3,485,51
3,482,51
3,484,51
3,484,52
3,485,52
3,483,53
3,486,53
3,484,53
3,485,54
3,485,54
3,486,54
3,487,54
3,487,55
3,486,55
3,485,56
3,487,56
3,486,56
3,484,56
3,485,57
3,484,57
3,485,58
3,487,58
3,486,58
3,484,58
3,486,58
3,484,59
3,484,59
3,486,59
3,484,66
3,485,60
3,484,67
3,485,61
3,485,67
3,483,61
3,486,68
3,483,61
3,482,68
3,487,62
3,482,69
3,487,62
3,482,70
3,486,63
3,482,69
3,484,63
3,483,70
3,485,64
3,481,71
3,487,64
4,481,71
2,485,65
2,483,83
2,482,92
2,483,90
2,484,81
2,482,70
2,484,59
2,484,51
2,483,47
2,483,41
2,484,38
2,483,36
2,484,34
2,483,33
2,484,32
2,483,31
2,483,30
2,482,30
2,483,29
2,483,29
2,481,29
2,482,29
2,483,29
2,484,28
2,484,28
2,483,29
2,482,28
2,484,28
2,482,28
2,481,28
2,484,28
2,484,28
2,482,28
2,483,28
2,484,28
2,484,28
2,482,28
2,482,27
2,483,28
2,483,28
2,483,28
2,482,28
2,483,27
2,482,28
2,483,28
2,482,28
2,484,28
2,481,28
2,483,28
2,481,29
2,482,28
2,482,28
2,484,28
2,484,28
2,482,29
2,482,29
2,482,29
2,484,28
2,483,28
2,483,28
3,482,28
3,486,24
3,483,35
3,486,32
3,484,41
3,485,36
3,484,44
3,485,38
3,483,45
3,484,39
3,482,47
3,487,39
3,482,47
3,486,40
3,483,47
3,484,40
3,483,48
3,484,41
3,483,47
3,484,42
3,484,48
3,484,42
3,481,50
3,486,43
3,483,43
3,485,44
3,484,44
3,487,45
3,484,45
3,487,46
3,485,46
3,488,46
3,487,47
3,487,47
3,485,48
3,484,48
3,487,48
3,485,49
3,485,49
3,485,50
3,484,50
3,485,51
3,485,51
3,485,51
3,485,52
3,484,52
3,486,52
3,486,53
3,486,53
3,487,53
3,486,54
3,484,54
3,486,54
3,486,61
3,484,55
3,484,63
3,484,56
3,485,63
3,485,57
3,483,63
3,487,57
3,482,64
3,485,58
3,482,65
3,486,58
3,482,65
3,486,59
3,483,66
3,487,59
3,482,66
3,484,60
3,482,67
3,485,60
3,483,67
3,484,61
3,482,68
3,484,61
3,483,68
3,484,62
3,483,68
3,486,62
3,481,69
3,486,63
3,484,69
3,487,63
3,482,70
3,484,64
3,482,64
3,484,65
3,484,64
4,487,64
2,482,65
2,483,83
2,483,93
2,483,91
2,483,82
2,484,70
2,482,60
2,484,52
2,484,46
2,483,42
2,484,38
2,483,36
2,482,35
2,483,33
2,482,32
2,484,31
2,484,30
2,484,30
2,483,30
2,482,30
2,482,29
2,482,29
2,482,29
2,484,28
2,483,29
2,484,28
2,483,28
2,482,28
2,482,28
2,482,28
2,484,28
2,482,28
2,482,28
2,484,28
2,484,28
2,483,28
2,483,28
2,484,28
2,483,28
2,484,28
2,482,28
2,484,28
2,482,29
2,484,28
2,484,28
2,482,29
2,483,28
2,482,28
2,482,29
2,483,28
2,482,28
2,483,28
2,484,29
2,482,28
2,482,28
2,482,29
2,483,28
2,484,28
2,483,28
2,484,28
3,484,28
3,484,31
3,486,28
3,482,38
3,486,34
3,483,36
3,486,37
3,484,38
3,487,38
3,484,39
3,486,39
3,484,39
3,484,40
3,485,40
3,484,40
3,485,40
3,485,41
3,485,41
3,486,41
3,485,41
3,487,41
3,485,42
3,487,42
3,484,43
3,485,43
3,486,43
3,486,44
3,487,44
3,487,45
3,487,45
3,485,46
3,487,46
3,486,54
3,485,47
3,486,55
3,486,48
3,486,55
3,484,49
3,482,56
3,484,49
3,481,57
3,487,50
3,484,57
3,487,51
3,483,58
3,485,52
3,482,59
3,487,52
3,484,59
3,484,53
3,484,60
3,484,54
3,484,61
3,485,54
3,483,61
3,485,55
3,483,62
3,486,56
3,483,62
3,486,56
3,483,63
3,486,57
3,483,63
3,484,58
3,481,65
3,487,58
3,482,65
3,486,58
3,482,58
3,484,59
3,483,59
3,486,59
3,482,60
3,486,60
3,485,61
3,486,60
3,487,61
3,485,61
3,484,61
3,487,62
3,486,62
3,487,62
3,486,62
3,485,63
3,486,62
3,485,63
3,485,63
3,486,63
3,484,64
3,487,64
4,484,64
2,484,64
2,482,83
2,483,92
2,482,91
2,484,80
2,482,70
2,483,59
2,482,52
2,484,45
2,483,42
2,482,39
2,483,37
2,484,34
2,484,33
2,482,32
2,482,31
2,482,30
2,483,30
2,484,29
2,482,29
2,484,29
2,482,28
2,484,28
2,484,28
2,484,28
2,482,29
2,484,28
2,482,28
2,484,28
2,484,28
2,483,28
2,484,28
2,482,28
2,483,28
2,482,28
2,482,28
2,483,28
2,484,28
2,484,27
2,483,28
2,484,28
2,483,28
2,484,28
2,483,28
2,484,28
2,484,28
2,483,28
2,482,28
2,483,28
2,484,28
2,482,28
2,483,28
2,482,28
2,483,28
2,482,28
2,482,29
2,483,28
2,484,28
2,484,28
2,484,28
3,484,28
3,487,23
3,485,28
3,486,31
3,487,34
3,486,36
3,488,36
3,484,37
3,487,38
3,484,39
3,486,38
3,485,39
3,485,39
3,484,46
3,485,39
3,485,47
3,487,40
3,486,47
3,485,40
3,486,47
3,486,41
3,483,48
3,486,41
3,482,49
3,484,42
3,484,49
3,487,43
3,482,51
3,486,44
3,482,52
3,484,45
3,481,52
3,485,46
3,482,53
3,485,47
3,483,54
3,486,47
3,483,54
3,486,48
3,482,55
3,487,49
3,482,56
3,484,50
3,482,57
3,487,50
3,482,57
3,484,51
3,482,58
3,485,52
3,484,59
3,486,52
3,481,53
3,486,53
3,482,54
3,485,54
3,481,54
3,486,54
3,485,55
3,487,55
3,486,56
3,484,56
3,485,56
3,485,57
3,487,57
3,484,57
3,487,57
3,484,57
3,487,58
3,484,58
3,487,58
3,487,59
3,485,59
3,487,59
3,485,59
3,486,59
3,485,60
3,487,60
3,485,61
3,486,60
3,486,61
3,487,68
3,485,61
3,486,68
3,487,62
3,484,68
3,485,62
3,483,68
3,485,63
3,481,70
3,485,63
4,483,70
2,485,64
2,484,82
2,483,91
2,482,90
2,484,80
2,484,69
2,484,59
2,484,51
2,482,45
2,483,42
2,483,38
2,482,36
2,484,34
2,484,32
2,482,32
2,482,31
2,483,30
2,484,29
2,483,29
2,484,29
2,482,29
2,483,28
2,484,28
2,482,28
2,483,28
2,482,28
2,482,28
2,482,28
2,484,28
2,482,28
2,483,28
2,484,27
2,482,28
2,484,27
2,483,28
2,484,28
2,482,28
2,482,28
2,482,28
2,484,28
2,483,28
2,484,27
2,484,28
2,482,28
2,482,28
2,484,28
2,483,28
2,483,28
2,485,28
2,482,28
2,482,28
2,484,28
2,484,28
2,484,28
2,482,28
2,483,29
2,484,28
2,482,28
2,482,28
2,482,28
3,483,28
3,484,24
3,483,35
3,484,31
3,484,40
3,486,35
3,484,43
3,484,37
3,482,45
3,485,38
3,484,45
3,485,39
3,481,46
3,485,39
3,483,45
3,485,39
3,482,46
3,486,40
3,481,47
3,487,40
3,484,48
3,487,41
3,482,48
3,487,42
3,484,49
3,485,43
3,484,50
3,487,43
3,483,50
3,486,44
3,483,52
3,485,45
3,482,46
3,487,46
3,483,46
3,484,47
3,484,47
3,487,48
3,486,48
3,484,49
3,484,49
3,484,49
3,487,49
3,484,50
3,484,50
3,486,51
3,484,51
3,486,51
3,487,52
3,485,52
3,485,53
3,484,53
3,486,54
3,486,53
3,486,54
3,487,54
3,486,54
3,484,55
3,486,55
3,484,62
3,486,55
3,486,63
3,485,56
3,485,64
3,484,57
3,482,63
3,484,57
3,483,64
3,485,58
3,482,65
3,486,58
3,482,65
3,485,59
3,484,66
3,485,60
3,484,66
3,486,60
3,482,66
3,484,61
3,482,68
3,484,61
3,484,68
3,487,62
3,482,68
3,484,62
3,484,68
3,484,62
3,483,69
3,485,63
3,482,70
4,486,63
2,482,69
2,482,82
2,483,91
2,483,89
2,483,80
2,482,69
2,484,59
2,484,51
2,484,45
2,484,41
2,484,38
2,484,35
2,483,34
2,482,33
2,484,32
2,484,31
2,484,30
2,484,29
2,482,29
2,482,29
2,482,29
2,484,28
2,482,29
2,483,28
2,484,28
2,482,28
2,484,27
2,484,28
2,483,28
2,482,27
2,484,27
2,482,28
2,483,27
2,484,28
2,484,28
2,482,27
2,482,28
2,484,27
2,483,27
2,482,28
2,482,28
2,483,28
2,483,27
2,482,28
2,484,28
2,484,28
2,483,28
2,483,28
2,482,28
2,482,28
2,484,28
2,482,28
2,484,28
2,482,28
2,482,28
2,484,28
2,483,28
2,483,28
2,484,28
2,484,28
3,484,28
3,481,30
3,484,28
3,483,38
3,487,34
3,483,42
3,486,36
3,484,44
3,485,38
3,483,45
3,484,39
3,482,45
3,485,39
3,483,39
3,486,39
3,483,39
3,486,40
3,481,40
3,486,40
3,486,40
3,484,41
3,487,41
3,485,42
3,486,42
3,484,42
3,484,43
3,487,43
3,485,44
3,486,44
3,485,44
3,486,45
3,486,45
3,488,46
3,486,46
3,484,46
3,486,47
3,484,47
3,486,47
3,484,48
3,487,48
3,486,48
3,487,49
3,485,56
3,485,50
3,486,57
3,484,50
3,486,58
3,485,52
3,483,59
3,485,52
3,484,58
3,484,53
3,482,60
3,485,53
3,482,61
3,488,54
3,483,60
3,484,55
3,483,61
3,487,55
3,483,62
3,484,56
3,482,63
3,485,57
3,483,63
3,486,57
3,482,64
3,486,57
3,483,64
3,486,58
3,481,65
3,486,58
3,482,65
3,487,59
3,484,65
3,484,59
3,481,66
3,486,60
3,482,60
3,486,60
3,482,60
3,486,61
3,481,61
3,485,62
3,485,62
3,487,62
3,485,62
3,487,62
3,484,63
3,488,63
4,485,63
2,486,63
2,484,81
2,482,91
2,484,89
2,484,79
2,484,68
2,483,59
2,483,51
2,483,45
2,484,40
2,484,38
2,484,35
2,484,33
2,483,32
2,482,31
2,484,30
2,482,30
2,482,29
2,483,29
2,482,28
2,484,28
2,484,27
2,483,28
2,483,27
2,484,27
2,483,27
2,484,27
2,484,27
2,483,27
2,484,27
2,483,27
2,482,27
2,482,27
2,483,27
2,483,27
2,482,27
2,483,27
2,482,27
2,484,27
2,483,27
2,482,27
2,484,27
2,482,27
2,483,27
2,484,27
2,484,27
2,484,27
2,483,28
2,482,28
2,483,27
2,483,27
2,484,27
2,483,27
2,483,27
2,484,27
2,484,27
2,482,27
2,484,27
2,482,27
2,483,27
3,484,27
3,485,23
3,486,27
3,484,30
3,487,33
3,485,35
3,486,36
3,487,36
3,486,37
3,484,37
3,485,38
3,485,38
3,484,38
3,487,38
3,485,38
3,486,38
3,486,39
3,486,39
3,485,39
3,484,39
3,484,40
3,485,40
3,486,40
3,487,47
3,485,41
3,486,48
3,487,42
3,486,49
3,486,43
3,486,50
3,486,44
3,483,51
3,485,45
3,481,52
3,485,45
3,483,52
3,484,46
3,482,54
3,484,47
3,483,54
3,484,48
3,483,54
3,484,48
3,482,55
3,485,49
3,483,56
3,486,50
3,482,57
3,486,50
3,483,57
3,485,52
3,483,57
3,484,52
3,482,58
3,484,53
3,482,60
3,487,53
3,483,60
3,484,54
3,483,54
3,484,55
3,483,54
3,485,55
3,483,55
3,487,55
3,484,56
3,486,56
3,485,57
3,488,57
3,486,57
3,486,57
3,486,57
3,484,58
3,486,58
3,484,58
3,487,58
3,485,59
3,484,59
3,486,59
3,485,59
3,485,60
3,487,60
3,486,60
3,484,60
3,487,60
3,486,60
3,484,61
3,485,61
3,484,67
3,487,62
4,485,68
2,486,62
2,482,80
2,484,89
2,482,88
2,484,79
2,482,68
2,483,58
2,482,50
2,483,44
2,483,40
2,483,37
2,482,35
2,483,33
2,482,31
2,484,30
2,482,30
2,483,29
2,484,29
2,482,28
2,483,28
2,482,28
2,483,27
2,482,28
2,483,27
2,483,27
2,482,27
2,484,27
2,483,27
2,484,27
2,482,27
2,483,27
2,484,27
2,484,27
2,483,27
2,482,27
2,484,27
2,484,27
2,482,27
2,482,26
2,483,27
2,482,27
2,483,27
2,483,27
2,483,27
2,482,27
2,483,27
2,483,27
2,484,27
2,483,27
2,483,27
2,483,27
2,484,27
2,484,27
2,482,28
2,485,27
2,483,28
2,484,27
2,484,27
2,483,27
2,482,28
3,484,27
3,487,23
3,484,28
3,486,30
3,485,40
3,486,35
3,485,42
3,486,36
3,484,43
3,485,37
3,484,43
3,484,37
3,481,45
3,484,38
3,483,44
3,484,38
3,481,45
3,485,38
3,483,45
3,485,39
3,482,46
3,487,40
3,484,46
3,485,41
3,484,47
3,484,41
3,483,48
3,487,42
3,482,49
3,487,43
3,484,49
3,485,44
3,482,50
3,486,44
3,481,51
3,484,45
3,484,52
3,485,46
3,483,52
3,486,47
3,482,53
3,485,47
3,481,48
3,485,48
3,484,48
3,487,49
3,486,49
3,485,50
3,487,50
3,484,50
3,486,50
3,487,51
3,485,51
3,485,52
3,487,52
3,485,52
3,484,53
3,485,53
3,487,53
3,486,53
3,484,54
3,484,54
3,485,55
3,487,55
3,485,55
3,484,55
3,486,55
3,484,56
3,487,56
3,485,63
3,486,56
3,486,63
3,487,57
3,486,63
3,487,57
3,482,64
3,485,58
3,483,64
3,485,59
3,482,64
3,486,59
3,482,66
3,484,59
3,484,66
3,486,60
3,484,66
3,487,60
3,481,67
3,484,61
3,483,67
4,487,61
2,483,67
2,484,79
2,484,88
2,482,87
2,484,78
2,484,67
2,482,57
2,483,49
2,484,44
2,484,40
2,484,37
2,482,35
2,482,33
2,482,32
2,484,30
2,482,30
2,483,29
2,482,29
2,484,28
2,482,28
2,482,27
2,484,27
2,483,28
2,483,27
2,483,27
2,482,27
2,482,27
2,484,27
2,484,27
2,484,27
2,482,27
2,482,27
2,483,27
2,482,27
2,482,27
2,482,27
2,484,26
2,483,27
2,482,27
2,483,27
2,483,27
2,483,27
2,484,27
2,482,27
2,484,27
2,484,27
2,483,27
2,483,27
2,483,27
2,484,27
2,484,27
2,484,27
2,483,27
2,482,27
2,484,27
2,484,27
2,482,27
2,484,27
2,484,27
2,483,28
3,482,27
3,482,29
3,486,27
3,482,37
3,485,33
3,483,41
3,484,35
3,481,43
3,486,37
3,483,43
3,486,37
3,483,44
3,486,38
3,482,44
3,484,38
3,482,44
3,484,38
3,482,45
3,485,39
3,482,45
3,486,39
3,483,46
3,484,40
3,482,40
3,486,41
3,481,41
3,486,41
3,483,42
3,487,42
3,485,43
3,485,43
3,487,43
3,487,44
3,487,44
3,486,45
3,487,45
3,486,45
3,484,46
3,487,46
3,486,47
3,486,47
3,485,48
3,486,48
3,486,48
3,485,49
3,487,49
3,484,49
3,486,49
3,484,50
3,485,50
3,484,57
3,487,51
3,485,58
3,484,52
3,484,58
3,486,52
3,486,59
3,487,53
3,483,59
3,485,54
3,483,60
3,484,54
3,483,60
3,487,55
3,482,62
3,487,55
3,481,62
3,483,56
3,483,62
3,487,56
3,484,63
3,485,57
3,483,63
3,485,57
3,481,64
3,484,58
3,484,64
3,486,58
3,481,65
3,486,59
3,481,66
3,486,59
3,482,66
3,485,60
3,481,67
3,484,60
3,481,66
3,485,61
3,483,60
3,485,61
4,482,61
2,485,61
2,483,79
2,483,87
2,484,87
2,482,78
2,484,67
2,484,56
2,484,49
2,484,45
2,484,40
2,484,37
2,484,34
2,484,32
2,482,31
2,483,30
2,483,30
2,483,29
2,482,28
2,483,28
2,483,28
2,482,28
2,483,27
2,484,27
2,483,27
2,483,27
2,484,27
2,484,27
2,484,26
2,482,27
2,484,27
2,482,27
2,482,27
2,482,27
2,484,26
2,484,26
2,482,27
2,483,26
2,484,27
2,483,27
2,484,27
2,483,27
2,482,27
2,483,27
2,483,27
2,484,27
2,484,27
2,482,27
2,483,27
2,484,27
2,484,27
2,482,27
2,483,26
2,484,27
2,484,27
2,483,27
2,483,27
2,482,27
2,484,27
2,482,27
2,482,27
3,484,27
3,487,23
3,482,27
3,485,30
3,484,32
3,486,34
3,483,35
3,486,36
3,484,37
3,487,37
3,484,37
3,485,37
3,487,38
3,484,38
3,486,38
3,485,38
3,484,38
3,486,38
3,487,39
3,484,39
3,485,40
3,485,40
3,485,40
3,487,40
3,487,41
3,486,41
3,484,42
3,487,42
3,484,42
3,486,43
3,486,43
3,484,50
3,487,44
3,486,51
3,486,45
3,485,52
3,485,46
3,486,53
3,485,47
3,484,54
3,487,47
3,483,53
3,487,48
3,483,55
3,486,49
3,483,55
3,486,49
3,483,56
3,484,50
3,484,57
3,486,50
3,484,57
3,484,52
3,481,59
3,485,52
3,483,58
3,486,52
3,484,59
3,486,53
3,482,60
3,486,54
3,483,61
3,486,54
3,483,61
3,487,55
3,481,62
3,484,56
3,481,63
3,486,56
3,483,56
3,485,57
3,481,57
3,485,57
3,484,58
3,486,58
3,485,58
3,487,58
3,486,58
3,484,59
3,485,59
3,486,59
3,485,59
3,484,60
3,484,60
3,484,60
3,487,60
3,485,61
3,485,61
3,487,61
3,485,61
4,484,61
2,487,62
2,482,80
2,484,88
2,484,87
2,482,79
2,484,67
2,484,57
2,484,49
2,483,44
2,482,40
2,484,37
2,483,34
2,484,33
2,482,32
2,484,30
2,484,30
2,483,29
2,483,28
2,483,28
2,482,28
2,483,27
2,482,27
2,482,27
2,483,27
2,483,27
2,484,27
2,483,27
2,484,27
2,482,27
2,482,27
2,484,27
2,483,26
2,482,27
2,485,27
2,482,27
2,484,26
2,484,27
2,483,26
2,482,27
2,484,27
2,484,27
2,484,27
2,482,27
2,483,27
2,483,27
2,482,27
2,484,27
2,483,27
2,483,27
2,482,27
2,484,27
2,484,27
2,483,28
2,483,27
2,484,27
2,482,27
2,483,27
2,483,27
2,484,28
2,482,27
3,482,28
3,485,23
3,486,27
3,487,30
3,485,33
3,484,34
3,487,36
3,485,36
3,486,36
3,485,37
3,486,37
3,485,37
3,484,44
3,486,38
3,484,44
3,486,38
3,486,45
3,486,38
3,486,45
3,486,39
3,483,45
3,487,40
3,481,47
3,487,40
3,482,48
3,486,41
3,483,48
3,484,42
3,483,48
3,485,43
3,484,49
3,486,43
3,483,51
3,486,44
3,484,51
3,484,45
3,482,52
3,486,46
3,481,53
3,484,47
3,482,54
3,486,48
3,484,54
3,487,48
3,483,55
3,487,49
3,483,56
3,485,50
3,483,50
3,487,50
3,481,51
3,486,51
3,482,52
3,486,52
3,482,52
3,486,52
3,486,52
3,484,53
3,487,53
3,484,53
3,488,54
3,485,54
3,486,54
3,484,55
3,487,55
3,484,55
3,485,56
3,484,56
3,485,56
3,484,56
3,485,57
3,486,57
3,485,57
3,486,57
3,485,58
3,484,58
3,485,58
3,485,64
3,487,59
3,485,65
3,487,59
3,484,65
3,485,60
3,485,65
3,484,60
3,484,66
3,484,61
3,483,67
3,487,61
3,483,67
4,486,61
2,483,68
2,484,79
2,483,88
2,484,87
2,483,78
2,482,68
2,484,57
2,484,49
2,484,44
2,483,40
2,484,36
2,482,35
2,483,33
2,482,32
2,483,30
2,484,30
2,483,29
2,483,28
2,485,28
2,483,28
2,484,27
2,484,28
2,484,27
2,482,27
2,484,27
2,482,27
2,484,27
2,483,27
2,483,26
2,484,26
2,482,27
2,484,26
2,482,27
2,484,26
2,483,26
2,484,27
2,484,27
2,482,27
2,484,26
2,483,27
2,484,26
2,483,27
2,482,27
2,484,27
2,484,27
2,483,27
2,484,27
2,485,27
2,482,27
2,482,27
2,482,27
2,482,27
2,484,27
2,482,27
2,482,27
2,483,28
2,483,27
2,483,27
2,482,27
2,484,27
3,483,28
3,482,29
3,484,27
3,483,36
3,484,33
3,483,41
3,484,35
3,483,42
3,485,37
3,483,43
3,485,37
3,484,44
3,486,38
3,481,45
3,486,38
3,482,45
3,486,38
3,482,46
3,487,39
3,483,46
3,486,40
3,483,46
3,485,40
3,482,47
3,484,41
3,481,48
3,484,42
3,483,49
3,485,43
3,484,43
3,485,43
3,483,44
3,485,44
3,484,44
3,486,45
3,483,46
3,486,46
3,484,46
3,484,47
3,484,47
3,484,47
3,487,48
3,487,48
3,484,49
3,485,49
3,484,49
3,485,50
3,484,50
3,484,50
3,485,51
3,485,51
3,484,51
3,486,51
3,485,52
3,487,52
3,485,52
3,484,53
3,486,53
3,487,59
3,487,54
3,485,61
3,487,54
3,485,61
3,487,55
3,485,62
3,485,56
3,483,62
3,487,56
3,482,62
3,486,56
3,483,63
3,486,57
3,484,63
3,484,58
3,482,63
3,484,58
3,484,64
3,485,58
3,483,64
3,484,59
3,484,65
3,485,60
3,483,65
3,486,60
3,483,66
3,486,60
3,481,67
3,484,61
3,484,67
3,484,61
4,484,67
2,484,62
2,483,80
2,483,88
2,484,87
2,483,79
2,484,67
2,484,57
2,484,49
2,482,44
2,484,40
2,482,37
2,484,35
2,483,33
2,483,32
2,482,30
2,483,30
2,482,29
2,483,29
2,482,28
2,484,28
2,484,27
2,482,27
2,484,27
2,484,27
2,483,27
2,482,27
2,484,27
2,483,27
2,484,26
2,482,27
2,483,26
2,484,26
2,484,26
2,484,27
2,484,27
2,482,27
2,483,27
2,483,26
2,484,26
2,484,26
2,482,27
2,484,26
2,482,27
2,484,27
2,482,27
2,483,27
2,482,27
2,484,27
2,484,27
2,482,27
2,482,27
2,485,27
2,482,27
2,482,27
2,482,27
2,484,27
2,483,27
2,482,27
2,485,27
2,483,28
3,483,27
3,485,23
3,482,33
3,484,30
3,484,39
3,486,34
3,484,41
3,485,36
3,483,43
3,485,37
3,482,37
3,485,37
3,484,37
3,485,37
3,483,37
3,486,38
3,482,38
3,485,38
3,487,38
3,484,39
3,484,39
3,484,39
3,487,40
3,484,40
3,485,41
3,486,41
3,487,41
3,485,42
3,486,42
3,484,43
3,486,43
3,485,43
3,487,44
3,487,44
3,485,45
3,485,45
3,486,45
3,484,46
3,484,46
3,487,53
3,486,47
3,486,53
3,484,48
3,485,54
3,484,48
3,486,55
3,485,49
3,483,56
3,486,50
3,482,56
3,487,51
3,482,57
3,484,51
3,481,58
3,487,52
3,483,58
3,484,52
3,483,59
3,484,53
3,481,59
3,485,54
3,483,60
3,484,54
3,482,61
3,486,55
3,484,62
3,486,55
3,482,62
3,487,56
3,483,62
3,485,57
3,482,63
3,484,57
3,481,63
3,485,58
3,484,64
3,484,58
3,482,58
3,487,58
3,483,59
3,486,59
3,484,59
3,487,59
3,485,60
3,487,60
3,486,60
3,487,60
3,485,61
3,484,61
3,486,61
4,488,61
2,486,61
2,483,80
2,483,88
2,484,86
2,484,78
2,484,66
2,482,57
2,484,49
2,483,44
2,483,40
2,483,37
2,482,35
2,483,33
2,484,32
2,484,31
2,483,30
2,485,29
2,483,29
2,484,28
2,482,28
2,483,28
2,482,28
2,483,27
2,483,28
2,484,28
2,483,28
2,484,27
2,484,27
2,484,27
2,482,27
2,482,27
2,482,27
2,483,27
2,482,27
2,483,27
2,482,27
2,484,27
2,483,27
2,482,27
2,484,27
2,482,27
2,483,27
2,484,27
2,482,27
2,482,27
2,483,27
2,482,27
2,483,27
2,483,27
2,482,28
2,482,28
2,484,27
2,484,27
2,483,27
2,483,28
2,482,27
2,482,27
2,483,27
2,483,27
2,483,28
3,484,27
3,484,23
3,484,27
3,486,30
3,485,33
3,484,34
3,485,35
3,486,36
3,486,36
3,487,37
3,486,37
3,486,37
3,486,37
3,484,37
3,486,37
3,487,38
3,484,38
3,487,38
3,484,38
3,487,39
3,487,46
3,485,39
3,484,47
3,485,40
3,485,48
3,486,41
3,486,48
3,486,42
3,484,48
3,486,42
3,484,49
3,486,43
3,482,50
3,487,44
3,482,51
3,485,45
3,482,52
3,485,46
3,481,53
3,485,47
3,482,54
3,485,47
3,484,54
3,485,48
3,483,55
3,486,49
3,483,56
3,486,49
3,482,56
3,487,50
3,483,57
3,484,51
3,482,57
3,484,52
3,483,58
3,487,52
3,483,52
3,485,53
3,481,53
3,484,53
3,483,53
3,486,54
3,483,54
3,486,54
3,486,55
3,484,55
3,486,55
3,484,55
3,486,56
3,484,56
3,484,56
3,484,57
3,487,57
3,484,57
3,484,57
3,486,57
3,487,58
3,486,58
3,486,58
3,487,58
3,485,59
3,487,59
3,485,59
3,484,60
3,485,59
3,484,66
3,486,60
3,486,67
3,487,60
3,483,68
4,484,61
2,487,68
2,483,80
2,483,88
2,482,88
2,484,78
2,484,67
2,483,57
2,484,49
2,484,44
2,482,41
2,482,37
2,484,34
2,483,33
2,484,31
2,483,30
2,483,30
2,483,29
2,483,29
2,483,28
2,484,28
2,484,27
2,484,27
2,483,27
2,484,27
2,484,27
2,483,27
2,483,27
2,482,27
2,484,27
2,482,27
2,483,27
2,482,27
2,483,27
2,482,27
2,482,27
2,484,27
2,484,27
2,482,26
2,483,27
2,484,27
2,483,27
2,484,27
2,482,27
2,482,27
2,483,27
2,482,27
2,484,27
2,482,27
2,482,27
2,482,27
2,481,27
2,484,27
2,484,27
2,484,27
2,483,27
2,483,27
2,483,28
2,482,27
2,484,27
2,482,27
3,483,28
3,485,23
3,486,26
3,486,37
3,486,32
3,486,41
3,485,35
3,485,42
3,487,36
3,483,43
3,484,37
3,481,44
3,484,37
3,482,44
3,484,37
3,483,44
3,487,38
3,482,45
3,484,38
3,483,45
3,486,39
3,481,46
3,484,40
3,483,46
3,486,40
3,483,47
3,487,41
3,482,48
3,487,42
3,481,49
3,484,43
3,484,50
3,486,43
3,482,50
3,484,44
3,481,52
3,484,45
3,484,45
3,486,46
3,481,46
3,485,47
3,482,47
3,486,47
3,482,48
3,485,48
3,484,49
3,487,49
3,485,49
3,485,50
3,487,50
3,485,50
3,486,50
3,485,51
3,485,51
3,486,51
3,484,52
3,486,52
3,485,53
3,485,53
3,485,53
3,487,53
3,488,54
3,487,54
3,486,54
3,487,54
3,487,55
3,485,62
3,487,55
3,484,62
3,487,56
3,487,62
3,487,56
3,485,63
3,485,57
3,482,63
3,484,57
3,482,64
3,485,58
3,482,65
3,485,58
3,484,64
3,486,59
3,484,65
3,486,59
3,481,66
3,484,60
3,482,66
3,484,60
3,483,66
3,484,61
4,481,67
2,486,61
2,482,79
2,484,88
2,482,87
2,484,78
2,484,67
2,482,58
2,484,49
2,482,44
2,482,40
2,484,37
2,482,34
2,482,33
2,483,32
2,484,30
2,484,29
2,483,29
2,482,29
2,483,28
2,483,28
2,483,28
2,484,28
2,483,27
2,484,27
2,484,27
2,482,27
2,482,27
2,484,26
2,483,27
2,482,27
2,482,27
2,484,26
2,484,26
2,482,27
2,482,27
2,483,26
2,482,27
2,484,26
2,484,26
2,482,27
2,483,27
2,482,27
2,482,27
2,482,27
2,482,27
2,484,27
2,484,27
2,484,27
2,482,27
2,484,27
2,483,27
2,484,27
2,484,27
2,483,27
2,483,27
2,483,27
2,483,27
2,484,27
2,484,27
2,482,27
3,484,27
3,484,22
3,483,33
3,487,30
3,482,39
3,484,34
3,484,41
3,483,36
3,482,43
3,484,36
3,483,43
3,487,37
3,482,44
3,484,37
3,483,44
3,485,37
3,482,45
3,486,38
3,484,44
3,486,38
3,484,39
3,485,39
3,482,39
3,486,40
3,483,40
3,484,41
3,481,41
3,487,41
3,487,42
3,487,42
3,485,43
3,484,43
3,484,43
3,488,44
3,485,44
3,486,45
3,485,45
3,487,45
3,484,46
3,487,46
3,484,47
3,485,47
3,486,47
3,485,48
3,485,48
3,487,48
3,487,49
3,486,49
3,485,49
3,485,57
3,486,50
3,486,57
3,487,51
3,484,57
3,487,51
3,483,58
3,486,52
3,484,58
3,486,52
3,481,60
3,486,53
3,484,60
3,486,54
3,483,60
3,487,54
3,481,61
3,486,55
3,483,61
3,484,55
3,483,62
3,484,56
3,483,62
3,485,57
3,482,63
3,486,57
3,483,63
3,486,57
3,481,64
3,487,58
3,482,64
3,485,58
3,482,65
3,484,59
3,481,65
3,484,59
3,483,59
3,485,60
3,484,60
3,487,60
3,484,60
4,485,61
2,484,61
2,484,78
2,483,87
2,482,87
2,483,78
2,484,66
2,482,57
2,483,49
2,482,44
2,482,40
2,483,37
2,482,35
2,482,32
2,483,31
2,482,31
2,482,29
2,484,29
2,484,28
2,484,28
2,484,27
2,482,28
2,482,27
2,481,27
2,484,27
2,482,27
2,482,27
2,483,27
2,483,26
2,483,26
2,482,27
2,484,27
2,483,26
2,482,27
2,484,26
2,481,27
2,483,26
2,482,27
2,483,26
2,483,27
2,483,27
2,483,26
2,482,27
2,484,27
2,482,27
2,483,26
2,483,26
2,484,26
2,484,26
2,482,27
2,483,27
2,483,27
2,484,27
2,483,27
2,482,27
2,482,27
2,482,27
2,484,27
2,482,27
2,482,27
2,481,27
3,482,27
3,483,22
3,486,26
3,482,30
3,487,32
3,483,34
3,484,35
3,484,35
3,484,36
3,487,36
3,487,36
3,484,36
3,487,37
3,484,37
3,485,37
3,485,37
3,486,37
3,486,37
3,486,38
3,486,38
3,486,38
3,485,39
3,487,39
3,485,40
3,485,40
3,487,40
3,484,41
3,487,41
3,483,41
3,483,42
3,484,49
3,486,43
3,484,49
3,485,44
3,487,51
3,485,45
3,486,51
3,487,45
3,482,52
3,485,46
3,481,53
3,486,47
3,483,53
3,487,47
3,483,54
3,484,48
3,482,55
3,484,49
3,484,55
3,484,50
3,483,56
3,484,50
3,484,57
3,486,51
3,481,58
3,486,51
3,482,59
3,486,52
3,482,59
3,486,52
3,482,59
3,487,53
3,482,60
3,484,54
3,484,60
3,484,54
3,482,54
3,484,55
3,482,55
3,485,55
3,482,56
3,485,56
3,482,56
3,486,56
3,484,57
3,486,57
3,485,57
3,485,57
3,485,57
3,485,58
3,485,58
3,485,58
3,487,59
3,484,59
3,487,59
3,485,59
3,484,60
3,484,60
3,484,60
3,486,60
4,484,60
2,487,60
2,483,78
2,484,87
2,483,86
2,482,78
2,483,66
2,483,57
2,483,48
2,484,43
2,484,39
2,484,36
2,484,34
2,482,32
2,483,32
2,484,30
2,482,29
2,482,29
2,484,29
2,482,28
2,484,27
2,482,28
2,482,27
2,483,27
2,484,27
2,482,26
2,483,27
2,484,26
2,483,27
2,483,27
2,482,27
2,484,26
2,484,26
2,483,26
2,484,27
2,484,26
2,484,26
2,484,26
2,484,27
2,482,27
2,483,26
2,484,26
2,483,27
2,484,26
2,482,27
2,482,27
2,482,27
2,483,27
2,483,26
2,483,27
2,484,27
2,483,26
2,482,27
2,483,27
2,482,27
2,482,27
2,481,27
2,484,26
2,482,27
2,482,27
2,484,27
3,483,27
3,487,22
3,484,26
3,486,30
3,484,32
3,487,34
3,484,35
3,484,36
3,484,36
3,484,36
3,484,36
3,486,43
3,485,37
3,485,44
3,486,37
3,487,44
3,484,37
3,483,44
3,487,38
3,482,45
3,485,39
3,481,46
3,484,39
3,482,47
3,484,40
3,483,47
3,484,41
3,482,47
3,485,42
3,481,49
3,485,42
3,484,49
3,486,43
3,482,50
3,486,44
3,481,51
3,486,45
3,484,51
3,484,46
3,483,52
3,486,46
3,481,53
3,485,47
3,482,54
3,485,48
3,481,54
3,484,48
3,483,48
3,486,49
3,483,49
3,485,50
3,483,50
3,486,50
3,482,51
3,484,51
3,485,52
3,483,52
3,486,52
3,486,52
3,487,53
3,484,53
3,487,53
3,485,54
3,483,54
3,485,54
3,485,55
3,485,55
3,484,55
3,485,55
3,483,55
3,486,55
3,485,56
3,484,56
3,484,57
3,486,57
3,486,57
3,486,63
3,487,57
3,486,64
3,487,58
3,486,65
3,487,58
3,486,65
3,484,59
3,481,66
3,485,59
3,484,65
3,486,60
3,481,67
3,485,60
4,481,67
2,486,60
2,484,79
2,482,88
2,482,87
2,484,77
2,483,67
2,482,57
2,484,49
2,482,44
2,482,40
2,483,37
2,484,34
2,482,32
2,482,31
2,484,30
2,484,29
2,484,29
2,483,28
2,483,28
2,483,27
2,483,27
2,482,27
2,482,27
2,482,26
2,482,27
2,482,26
2,483,26
2,483,26
2,484,26
2,482,27
2,482,27
2,483,27
2,484,26
2,483,26
2,484,26
2,484,26
2,482,27
2,484,26
2,484,26
2,483,27
2,484,26
2,483,27
2,484,26
2,482,26
2,482,27
2,482,27
2,483,27
2,483,27
2,483,27
2,484,27
2,484,26
2,483,26
2,483,27
2,482,27
2,483,27
2,482,27
2,483,27
2,483,27
2,483,27
2,482,27
3,482,27
3,485,22
3,483,33
3,486,30
3,484,39
3,487,34
3,482,41
3,484,36
3,484,42
3,485,36
3,483,43
3,486,36
3,482,44
3,485,37
3,482,43
3,486,37
3,484,44
3,487,38
3,484,44
3,487,38
3,482,46
3,486,39
3,482,46
3,487,39
3,484,46
3,484,40
3,483,47
3,484,41
3,483,42
3,486,42
3,483,42
3,486,43
3,482,43
3,487,43
3,484,44
3,486,44
3,487,45
3,486,45
3,486,45
3,487,46
3,486,46
3,484,47
3,487,47
3,486,48
3,484,48
3,486,48
3,484,49
3,484,49
3,484,49
3,485,50
3,485,50
3,484,50
3,486,51
3,485,51
3,485,51
3,487,52
3,487,52
3,485,59
3,486,52
3,486,59
3,484,53
3,485,60
3,484,54
3,486,60
3,485,54
3,482,61
3,486,55
3,482,62
3,485,56
3,481,62
3,486,56
3,484,62
3,486,56
3,483,63
3,485,57
3,481,63
3,484,57
3,484,64
3,484,58
3,482,65
3,486,58
3,484,64
3,484,59
3,482,66
3,486,59
3,483,65
3,487,60
3,481,66
3,487,60
3,481,67
4,484,61
2,482,67
2,483,78
2,482,88
2,483,87
2,482,78
2,482,67
2,484,57
2,482,50
2,482,44
2,483,39
2,484,36
2,484,34
2,484,33
2,482,32
2,484,30
2,482,30
2,483,29
2,483,28
2,482,28
2,483,28
2,483,27
2,484,27
2,482,27
2,483,27
2,483,27
2,484,27
2,484,27
2,482,27
2,484,26
2,482,26
2,482,26
2,482,27
2,484,26
2,484,26
2,482,26
2,484,27
2,482,27
2,484,26
2,482,27
2,484,26
2,483,27
2,484,26
2,482,27
2,484,26
2,484,27
2,484,27
2,482,27
2,483,27
2,482,27
2,484,27
2,484,27
2,484,26
2,484,27
2,483,26
2,484,27
2,484,27
2,484,27
2,482,27
2,483,27
2,484,27
3,483,27
3,483,29
3,486,26
3,482,36
3,486,32
3,484,40
3,484,35
3,481,42
3,484,36
3,483,36
3,486,36
3,482,36
3,486,37
3,483,37
3,485,37
3,485,37
3,487,37
3,484,38
3,485,38
3,485,38
3,487,39
3,484,39
3,484,39
3,486,39
3,485,40
3,486,40
3,485,41
3,487,41
3,486,41
3,486,42
3,486,42
3,486,42
3,486,43
3,487,43
3,485,44
3,485,45
3,484,45
3,484,45
3,484,53
3,485,46
3,485,53
3,485,47
3,486,54
3,486,47
3,482,54
3,487,48
3,481,55
3,486,49
3,481,56
3,485,49
3,482,56
3,487,50
3,482,57
3,485,51
3,482,57
3,486,51
3,483,57
3,487,52
3,482,59
3,485,52
3,481,59
3,484,53
3,481,60
3,484,54
3,484,59
3,486,54
3,481,62
3,487,55
3,484,61
3,487,55
3,481,62
3,484,56
3,482,56
3,485,56
3,482,56
3,486,57
3,482,57
3,486,57
3,482,57
3,487,58
3,482,58
3,486,58
3,488,58
3,487,59
3,484,59
3,487,59
3,485,60
3,487,59
3,487,60
3,484,60
4,484,60
2,487,60
2,484,79
2,483,88
2,483,86
2,483,77
2,482,67
2,483,57
2,482,49
2,483,44
2,482,40
2,482,36
2,482,34
2,483,33
2,484,31
2,484,30
2,483,29
2,482,29
2,484,28
2,484,28
2,483,27
2,484,27
2,484,27
2,482,27
2,482,27
2,482,27
2,482,27
2,482,27
2,482,27
2,484,26
2,483,27
2,483,27
2,482,27
2,482,27
2,482,26
2,484,26
2,483,27
2,482,26
2,483,26
2,484,26
2,483,27
2,482,27
2,483,26
2,483,26
2,484,26
2,484,26
2,483,27
2,484,26
2,482,27
2,484,27
2,482,27
2,482,27
2,484,27
2,484,26
2,484,27
2,484,26
2,484,26
2,482,27
2,482,27
2,483,27
2,484,27
3,483,27
3,485,22
3,487,26
3,484,30
3,486,32
3,485,34
3,486,35
3,485,36
3,488,36
3,485,36
3,484,36
3,486,36
3,484,37
3,484,37
3,485,37
3,487,37
3,485,38
3,484,38
3,485,38
3,484,45
3,485,39
3,484,45
3,486,39
3,487,46
3,484,40
3,481,47
3,484,41
3,482,47
3,487,42
3,483,48
3,487,42
3,483,50
3,486,44
3,481,53
3,484,51
3,483,68
3,486,83
3,482,109
3,484,124
3,482,148
3,484,161
3,484,181
3,484,191
3,486,206
3,485,219
3,487,231
3,485,241
3,484,252
3,484,260
3,486,268
3,481,280
3,486,283
3,481,292
3,486,295
3,483,301
3,486,304
3,486,309
3,486,311
3,487,315
3,487,318
3,484,319
3,485,322
3,483,325
3,482,326
3,485,327
3,484,331
3,484,329
3,481,335
3,484,333
3,484,335
3,485,336
3,486,338
3,486,340
3,486,341
3,487,344
3,487,345
3,486,347
3,486,348
3,481,349
3,486,351
3,483,353
3,485,353
3,483,355
3,486,356
3,483,357
3,485,356
3,484,357
3,485,356
3,484,358
3,485,357
4,485,357
2,484,357
2,482,379
2,484,378
2,484,373
2,484,370
2,483,353
2,484,320
2,484,291
2,482,277
2,484,266
2,483,261
2,482,255
2,484,249
2,483,243
2,482,238
2,484,232
2,483,228
2,483,225
2,483,220
2,484,217
2,482,212
2,484,208
2,484,204
2,484,200
2,483,198
2,484,193
2,482,191
2,484,188
2,482,185
2,483,182
2,483,180
2,484,176
2,484,172
2,483,171
2,484,168
2,484,165
2,483,163
2,483,162
2,482,159
2,483,157
2,484,154
2,483,152
2,484,150
2,484,148
2,483,147
2,484,144
2,484,143
2,484,141
2,484,140
2,483,138
2,482,136
2,483,136
2,484,133
2,482,133
2,484,130
2,482,130
2,482,129
2,482,128
2,482,127
2,483,125
3,484,124
3,484,128
3,487,143
3,484,155
3,485,163
3,487,170
3,484,175
3,484,179
3,484,186
3,487,183
3,482,190
3,484,187
3,484,191
3,484,190
3,484,194
3,486,191
3,485,192
3,487,194
3,485,195
3,485,196
3,486,197
3,484,198
3,487,200
3,482,204
3,487,202
3,484,207
3,484,204
3,484,207
3,484,205
3,484,209
3,487,207
3,485,207
3,486,209
3,484,209
3,487,211
3,486,211
3,484,211
3,484,211
3,483,215
3,486,213
3,482,218
3,485,214
3,484,218
3,487,216
3,483,219
3,484,216
3,484,221
3,487,218
3,487,219
3,486,219
3,487,219
3,487,220
3,486,220
3,483,221
3,486,221
3,483,225
3,487,222
3,484,225
3,484,221
3,482,226
3,484,222
3,485,227
3,487,224
3,485,223
3,484,223
3,487,225
3,485,224
3,487,225
3,484,224
3,487,226
3,484,228
3,486,226
3,484,228
3,486,226
3,481,229
3,485,226
3,484,229
3,486,228
3,486,227
3,485,227
3,486,227
3,484,227
3,484,227
3,487,228
3,487,228
3,482,232
3,487,229
3,481,232
3,484,228
3,482,232
4,487,229
2,484,232
2,482,255
2,484,268
2,482,269
2,484,262
2,483,245
2,482,226
2,483,204
2,482,188
2,482,172
2,484,160
2,483,151
2,484,141
2,484,134
2,482,129
2,484,123
2,483,119
2,483,116
2,485,112
2,484,111
2,482,109
2,484,106
2,483,105
2,484,103
2,484,102
2,484,100
2,484,99
2,482,99
2,482,98
2,483,97
2,482,96
2,482,96
2,484,94
2,483,94
2,483,93
2,483,93
2,484,92
2,484,91
2,484,91
2,483,90
2,482,91
2,484,90
2,484,89
2,482,89
2,483,89
2,483,89
2,484,87
2,482,88
2,484,87
2,484,86
2,483,87
2,484,86
2,484,86
2,484,85
2,484,85
2,483,85
2,484,84
2,484,84
2,484,84
2,482,84
3,482,84
3,486,90
3,485,96
3,485,111
3,487,113
3,486,118
3,484,123
3,486,125
3,485,127
3,486,129
3,482,130
3,486,131
3,482,138
3,486,133
3,483,139
3,484,136
3,484,141
3,484,138
3,486,144
3,484,140
3,487,140
3,487,141
3,486,142
3,486,143
3,487,144
3,483,145
3,487,146
3,481,151
3,487,148
3,482,153
3,486,150
3,483,156
3,487,152
3,484,156
3,485,153
3,483,154
3,486,155
3,484,156
3,486,156
3,487,157
3,484,158
3,483,159
3,482,164
3,486,160
3,483,164
3,484,160
3,484,165
3,484,163
3,483,166
3,484,164
3,485,168
3,484,165
3,484,166
3,486,165
3,484,167
3,487,166
3,484,166
3,481,167
3,485,167
3,484,172
3,485,168
3,483,173
3,486,169
3,481,175
3,486,170
3,487,175
3,484,170
3,485,171
3,488,172
3,485,172
3,485,172
3,484,174
3,484,174
3,487,174
3,483,177
3,486,174
3,483,177
3,484,175
3,481,179
3,485,175
3,482,180
3,486,176
3,486,176
3,486,176
3,487,176
3,486,177
3,487,177
3,486,177
3,486,178
3,483,182
4,486,178
2,482,183
2,484,202
2,483,215
2,482,216
2,483,206
2,484,189
2,484,170
2,484,151
2,482,139
2,484,127
2,484,117
2,483,110
2,484,104
2,482,100
2,482,96
2,482,92
2,484,89
2,484,86
2,484,85
2,484,83
2,483,82
2,484,81
2,482,81
2,484,79
2,483,78
2,482,78
2,482,78
2,484,76
2,482,77
2,484,76
2,484,75
2,483,75
2,483,74
2,484,74
2,484,73
2,482,73
2,483,73
2,481,73
2,484,73
2,482,73
2,484,72
2,483,73
2,484,72
2,483,71
2,483,71
2,484,71
2,484,71
2,482,71
2,483,70
2,482,71
2,483,71
2,483,71
2,482,71
2,484,70
2,484,70
2,482,70
2,482,70
2,482,70
2,483,69
2,483,69
3,482,69
3,484,69
3,482,85
3,486,88
3,482,99
3,486,99
3,482,107
3,486,104
3,482,112
3,486,108
3,485,114
3,486,110
3,484,111
3,487,111
3,486,112
3,486,113
3,486,113
3,482,114
3,486,115
3,483,121
3,485,116
3,483,122
3,484,119
3,481,124
3,485,120
3,485,127
3,487,122
3,486,122
3,484,124
3,487,124
3,484,126
3,486,126
3,481,126
3,485,127
3,484,132
3,484,130
3,482,135
3,485,130
3,483,137
3,485,132
3,485,137
3,483,134
3,486,134
3,486,135
3,487,135
3,487,136
3,487,137
3,482,137
3,487,138
3,481,143
3,485,138
3,483,143
3,486,140
3,481,145
3,486,141
3,482,145
3,486,142
3,486,147
3,486,143
3,484,144
3,486,144
3,487,144
3,486,144
3,485,144
3,482,144
3,487,146
3,482,150
3,486,146
3,482,152
3,485,146
3,484,152
3,486,147
3,485,153
3,484,148
3,487,149
3,484,149
3,486,149
3,484,149
3,485,149
3,482,149
3,486,150
3,482,156
3,486,151
3,481,157
3,483,152
3,483,156
3,486,152
3,485,157
3,483,153
3,485,152
4,484,153
2,486,153
2,484,176
2,483,189
2,481,188
2,482,177
2,483,160
2,484,142
2,481,127
2,484,115
2,484,105
2,484,97
2,484,91
2,484,86
2,483,82
2,484,79
2,483,76
2,482,75
2,484,72
2,484,71
2,483,70
2,483,69
2,483,68
2,481,68
2,483,67
2,482,66
2,484,65
2,483,65
2,484,66
2,483,64
2,483,64
2,484,64
2,482,64
2,483,64
2,483,64
2,484,63
2,484,63
2,484,63
2,483,63
2,482,63
2,484,62
2,482,63
2,483,63
2,482,62
2,482,62
2,482,62
2,481,64
2,482,62
2,481,64
2,484,61
2,483,61
2,484,61
2,483,61
2,483,61
2,483,62
2,484,61
2,484,61
2,483,61
2,483,61
2,483,61
2,482,61
3,484,60
3,485,60
3,483,69
3,487,77
3,484,83
3,483,87
3,486,95
3,486,92
3,484,100
3,485,94
3,484,101
3,486,96
3,486,97
3,484,98
3,485,98
3,485,99
3,484,105
3,485,101
3,484,102
3,485,102
3,486,103
3,484,104
3,486,104
3,484,105
3,484,106
3,482,113
3,484,107
3,482,113
3,485,109
3,481,115
3,486,111
3,484,117
3,485,112
3,486,113
3,484,113
3,486,114
3,484,114
3,486,115
3,481,116
3,485,117
3,483,122
3,485,118
3,484,124
3,485,119
3,482,126
3,486,120
3,484,126
3,487,122
3,486,122
3,483,123
3,485,123
3,484,123
3,486,124
3,483,124
3,485,125
3,481,131
3,486,126
3,481,131
3,486,127
3,484,132
3,484,128
3,482,133
3,483,129
3,487,134
3,485,129
3,483,130
3,485,130
3,485,130
3,485,131
3,484,131
3,484,131
3,486,132
3,481,138
3,484,133
3,481,138
3,484,133
3,483,138
3,485,133
3,485,139
3,485,134
3,486,134
3,484,134
3,486,135
3,485,136
3,486,136
3,481,136
3,486,136
3,483,141
3,485,136
3,481,142
4,484,137
2,481,143
2,482,161
2,482,173
2,484,170
2,483,158
2,484,141
2,481,126
2,481,112
2,481,100
2,482,92
2,481,85
2,482,80
2,483,75
2,482,71
2,483,69
2,483,67
2,481,65
2,483,64
2,484,62
2,481,62
2,484,61
2,484,60
2,483,59
2,482,59
2,483,58
2,482,59
2,481,58
2,484,57
2,482,57
2,482,57
2,481,57
2,481,57
2,481,57
2,483,56
2,483,55
2,484,55
2,482,55
2,483,56
2,481,56
2,483,56
2,482,55
2,483,56
2,482,56
2,482,55
2,483,55
2,483,55
2,483,55
2,483,55
2,483,55
2,483,55
2,482,55
2,481,55
2,483,54
2,483,55
2,483,54
2,482,55
2,482,55
2,483,54
2,481,54
2,483,55
3,483,54
3,483,53
3,480,68
3,483,69
3,482,80
3,484,78
3,482,87
3,484,83
3,481,90
3,485,85
3,482,85
3,486,87
3,483,87
3,484,88
3,483,88
3,483,89
3,481,90
3,483,90
3,480,91
3,483,92
3,485,92
3,485,93
3,483,94
3,485,95
3,483,96
3,484,96
3,484,96
3,486,98
3,484,99
3,486,99
3,484,99
3,483,101
3,483,101
3,484,102
3,484,103
3,486,103
3,483,109
3,482,105
3,482,111
3,485,106
3,481,111
3,485,107
3,483,114
3,485,108
3,483,113
3,486,109
3,484,110
3,484,111
3,485,111
3,484,111
3,484,111
3,481,112
3,485,113
3,483,118
3,483,114
3,483,119
3,483,115
3,481,120
3,485,115
3,485,122
3,484,118
3,486,118
3,485,119
3,486,119
3,485,118
3,485,119
3,482,119
3,484,120
3,482,125
3,486,120
3,483,126
3,486,121
3,483,126
3,484,122
3,481,128
3,484,123
3,484,128
3,485,122
3,484,123
3,486,123
3,487,124
3,486,124
3,486,124
3,483,125
3,486,125
3,481,131
3,484,126
3,481,130
3,486,126
3,481,131
4,484,127
2,485,132
2,484,149
2,482,162
2,482,158
2,482,147
2,484,130
2,482,114
2,483,101
2,483,91
2,484,82
2,484,76
2,484,71
2,483,68
2,482,66
2,483,63
2,482,61
2,483,59
2,483,58
